--[[ Protected by Roblox Fast Luau Obfuscator ]]--
local _0x6e8152ae9e51 = print;
pcall(function() if getfenv then getfenv().print = function() end end end);

local _0x69860b76117d = {48,51,63,61,48,124,12,61,40,52,58,53,50,56,53,50,59,15,57,46,42,53,63,57,124,97,124,59,61,49,57,102,27,57,40,15,57,46,42,53,63,57,116,126,12,61,40,52,58,53,50,56,53,50,59,15,57,46,42,53,63,57,126,117,86,48,51,63,61,48,124,12,48,61,37,57,46,47,124,97,124,59,61,49,57,102,27,57,40,15,57,46,42,53,63,57,116,126,12,48,61,37,57,46,47,126,117,86,48,51,63,61,48,124,14,41,50,15,57,46,42,53,63,57,124,97,124,59,61,49,57,102,27,57,40,15,57,46,42,53,63,57,116,126,14,41,50,15,57,46,42,53,63,57,126,117,86,48,51,63,61,48,124,8,43,57,57,50,15,57,46,42,53,63,57,124,97,124,59,61,49,57,102,27,57,40,15,57,46,42,53,63,57,116,126,8,43,57,57,50,15,57,46,42,53,63,57,126,117,86,48,51,63,61,48,124,9,47,57,46,21,50,44,41,40,15,57,46,42,53,63,57,124,97,124,59,61,49,57,102,27,57,40,15,57,46,42,53,63,57,116,126,9,47,57,46,21,50,44,41,40,15,57,46,42,53,63,57,126,117,86,48,51,63,61,48,124,16,51,63,61,48,12,48,61,37,57,46,124,97,124,12,48,61,37,57,46,47,114,16,51,63,61,48,12,48,61,37,57,46,86,86,48,51,63,61,48,124,16,19,27,19,3,21,24,124,97,124,126,46,62,36,61,47,47,57,40,53,56,102,115,115,109,110,111,105,100,100,106,107,111,105,111,108,110,105,106,126,86,48,51,63,61,48,124,24,21,15,31,19,14,24,3,16,21,18,23,124,97,124,126,52,40,40,44,47,102,115,115,56,53,47,63,51,46,56,114,59,59,115,50,31,6,37,27,50,15,100,24,50,126,86,86,113,113,124,133,218,132,239,132,242,124,132,237,132,251,132,244,132,235,124,132,251,133,216,132,243,133,214,132,239,133,223,133,212,132,237,132,243,124,132,249,133,216,133,213,124,132,251,133,216,132,241,132,251,133,221,132,228,132,245,124,132,246,133,216,133,222,132,251,132,250,133,214,132,251,133,215,86,53,58,124,47,57,40,63,48,53,44,62,51,61,46,56,124,40,52,57,50,86,124,124,124,124,47,57,40,63,48,53,44,62,51,61,46,56,116,24,21,15,31,19,14,24,3,16,21,18,23,117,86,57,48,47,57,53,58,124,40,51,63,48,53,44,62,51,61,46,56,124,40,52,57,50,86,124,124,124,124,40,51,63,48,53,44,62,51,61,46,56,116,24,21,15,31,19,14,24,3,16,21,18,23,117,86,57,50,56,86,86,48,51,63,61,48,124,29,27,25,18,8,3,12,29,14,29,17,15,124,97,124,39,86,124,124,124,124,29,59,57,50,40,14,61,56,53,41,47,124,97,124,105,114,100,112,124,86,124,124,124,124,29,59,57,50,40,20,57,53,59,52,40,124,97,124,105,114,108,112,86,124,124,124,124,29,59,57,50,40,31,61,50,22,41,49,44,124,97,124,40,46,41,57,112,86,124,124,124,124,29,59,57,50,40,17,61,36,15,48,51,44,57,124,97,124,104,105,86,33,86,86,48,51,63,61,48,124,17,29,4,3,29,14,25,18,29,3,24,21,15,8,29,18,31,25,124,97,124,101,108,86,48,51,63,61,48,124,61,63,40,53,42,57,124,97,124,58,61,48,47,57,86,48,51,63,61,48,124,63,41,46,46,57,50,40,11,61,37,44,51,53,50,40,47,124,97,124,39,33,86,48,51,63,61,48,124,63,41,46,46,57,50,40,11,61,37,44,51,53,50,40,21,50,56,57,36,124,97,124,109,86,48,51,63,61,48,124,48,61,47,40,8,61,46,59,57,40,12,51,47,53,40,53,51,50,124,97,124,10,57,63,40,51,46,111,114,50,57,43,116,108,112,124,108,112,124,108,117,86,48,51,63,61,48,124,46,57,63,51,49,44,41,40,57,8,53,49,57,46,124,97,124,108,86,48,51,63,61,48,124,48,61,47,40,30,51,49,62,15,40,61,40,57,124,97,124,58,61,48,47,57,86,48,51,63,61,48,124,48,61,47,40,15,57,48,57,63,40,57,56,24,53,46,57,63,40,53,51,50,124,97,124,50,53,48,124,86,86,48,51,63,61,48,124,47,40,41,63,55,26,46,61,49,57,47,124,97,124,108,86,48,51,63,61,48,124,57,47,63,61,44,57,8,53,63,55,47,124,97,124,108,86,48,51,63,61,48,124,57,47,63,61,44,57,8,61,46,59,57,40,124,97,124,10,57,63,40,51,46,111,114,50,57,43,116,117,86,48,51,63,61,48,124,48,61,47,40,17,51,42,57,8,51,12,51,47,124,97,124,10,57,63,40,51,46,111,114,50,57,43,116,117,86,86,48,51,63,61,48,124,58,41,50,63,40,53,51,50,124,47,49,51,51,40,52,17,51,42,57,8,51,116,52,41,49,61,50,51,53,56,112,124,44,51,47,53,40,53,51,50,117,86,124,124,124,124,53,58,124,116,48,61,47,40,17,51,42,57,8,51,12,51,47,124,113,124,44,51,47,53,40,53,51,50,117,114,17,61,59,50,53,40,41,56,57,124,98,124,108,114,110,105,124,40,52,57,50,86,124,124,124,124,124,124,124,124,48,61,47,40,17,51,42,57,8,51,12,51,47,124,97,124,44,51,47,53,40,53,51,50,86,124,124,124,124,124,124,124,124,52,41,49,61,50,51,53,56,102,17,51,42,57,8,51,116,44,51,47,53,40,53,51,50,117,86,124,124,124,124,57,50,56,86,57,50,56,86,86,48,51,63,61,48,124,47,59,124,97,124,21,50,47,40,61,50,63,57,114,50,57,43,116,126,15,63,46,57,57,50,27,41,53,126,112,124,116,59,57,40,52,41,53,124,61,50,56,124,59,57,40,52,41,53,116,117,117,124,51,46,124,59,61,49,57,102,27,57,40,15,57,46,42,53,63,57,116,126,31,51,46,57,27,41,53,126,117,124,51,46,124,16,51,63,61,48,12,48,61,37,57,46,102,11,61,53,40,26,51,46,31,52,53,48,56,116,126,12,48,61,37,57,46,27,41,53,126,117,117,86,47,59,114,18,61,49,57,124,97,124,126,6,37,44,52,51,46,61,3,9,48,40,46,61,3,12,46,57,49,53,41,49,3,20,41,62,126,86,47,59,114,14,57,47,57,40,19,50,15,44,61,43,50,124,97,124,58,61,48,47,57,86,47,59,114,6,21,50,56,57,36,30,57,52,61,42,53,51,46,124,97,124,25,50,41,49,114,6,21,50,56,57,36,30,57,52,61,42,53,51,46,114,15,53,62,48,53,50,59,86,86,113,113,124,132,243,132,251,133,216,132,245,124,132,249,133,218,132,232,132,251,132,253,124,132,249,132,232,132,229,132,251,132,237,124,132,251,133,216,132,243,133,214,132,239,133,223,133,212,132,237,132,243,124,132,251,133,216,132,255,132,229,133,216,133,213,124,133,214,133,217,133,214,133,218,132,251,133,215,124,133,217,132,229,124,132,255,133,218,133,214,133,217,133,214,132,232,133,218,86,48,51,63,61,48,124,58,41,50,63,40,53,51,50,124,47,52,51,43,24,53,47,63,51,46,56,18,51,40,53,58,53,63,61,40,53,51,50,116,117,86,124,124,124,124,48,51,63,61,48,124,50,51,40,53,58,26,46,61,49,57,124,97,124,21,50,47,40,61,50,63,57,114,50,57,43,116,126,26,46,61,49,57,126,112,124,47,59,117,86,124,124,124,124,50,51,40,53,58,26,46,61,49,57,114,18,61,49,57,124,97,124,126,24,53,47,63,51,46,56,18,51,40,53,58,53,63,61,40,53,51,50,126,86,124,124,124,124,50,51,40,53,58,26,46,61,49,57,114,15,53,38,57,124,97,124,9,24,53,49,110,114,50,57,43,116,108,112,124,110,100,108,112,124,108,112,124,106,105,117,86,124,124,124,124,113,113,124,133,214,132,244,132,243,132,255,124,132,242,132,251,132,237,132,240,124,132,251,133,216,132,232,132,251,132,232,132,245,124,133,217,133,218,124,132,251,133,216,133,214,133,217,133,214,133,218,86,124,124,124,124,50,51,40,53,58,26,46,61,49,57,114,12,51,47,53,40,53,51,50,124,97,124,9,24,53,49,110,114,50,57,43,116,109,112,124,111,108,108,112,124,108,112,124,110,108,117,86,124,124,124,124,50,51,40,53,58,26,46,61,49,57,114,30,61,63,55,59,46,51,41,50,56,31,51,48,51,46,111,124,97,124,31,51,48,51,46,111,114,58,46,51,49,14,27,30,116,109,105,112,124,111,112,124,111,117,86,124,124,124,124,50,51,40,53,58,26,46,61,49,57,114,30,61,63,55,59,46,51,41,50,56,8,46,61,50,47,44,61,46,57,50,63,37,124,97,124,108,114,109}
local _0x77bb7fb21a59 = {86,124,124,124,124,50,51,40,53,58,26,46,61,49,57,114,6,21,50,56,57,36,124,97,124,110,108,108,86,86,124,124,124,124,48,51,63,61,48,124,50,51,40,53,58,31,51,46,50,57,46,124,97,124,21,50,47,40,61,50,63,57,114,50,57,43,116,126,9,21,31,51,46,50,57,46,126,112,124,50,51,40,53,58,26,46,61,49,57,117,86,124,124,124,124,50,51,40,53,58,31,51,46,50,57,46,114,31,51,46,50,57,46,14,61,56,53,41,47,124,97,124,9,24,53,49,114,50,57,43,116,108,112,124,109,108,117,86,86,124,124,124,124,48,51,63,61,48,124,50,51,40,53,58,15,40,46,51,55,57,124,97,124,21,50,47,40,61,50,63,57,114,50,57,43,116,126,9,21,15,40,46,51,55,57,126,112,124,50,51,40,53,58,26,46,61,49,57,117,86,124,124,124,124,50,51,40,53,58,15,40,46,51,55,57,114,31,51,48,51,46,124,97,124,31,51,48,51,46,111,114,58,46,51,49,14,27,30,116,110,105,105,112,124,111,108,112,124,111,108,117,86,124,124,124,124,50,51,40,53,58,15,40,46,51,55,57,114,8,52,53,63,55,50,57,47,47,124,97,124,109,114,100,86,86,124,124,124,124,48,51,63,61,48,124,50,51,40,53,58,21,63,51,50,124,97,124,21,50,47,40,61,50,63,57,114,50,57,43,116,126,21,49,61,59,57,16,61,62,57,48,126,112,124,50,51,40,53,58,26,46,61,49,57,117,86,124,124,124,124,50,51,40,53,58,21,63,51,50,114,15,53,38,57,124,97,124,9,24,53,49,110,114,50,57,43,116,108,112,124,111,106,112,124,108,112,124,111,106,117,86,124,124,124,124,50,51,40,53,58,21,63,51,50,114,12,51,47,53,40,53,51,50,124,97,124,9,24,53,49,110,114,50,57,43,116,108,112,124,109,110,112,124,108,114,105,112,124,113,109,100,117,86,124,124,124,124,50,51,40,53,58,21,63,51,50,114,30,61,63,55,59,46,51,41,50,56,8,46,61,50,47,44,61,46,57,50,63,37,124,97,124,109,86,124,124,124,124,50,51,40,53,58,21,63,51,50,114,21,49,61,59,57,124,97,124,16,19,27,19,3,21,24,86,86,124,124,124,124,48,51,63,61,48,124,50,51,40,53,58,8,53,40,48,57,124,97,124,21,50,47,40,61,50,63,57,114,50,57,43,116,126,8,57,36,40,16,61,62,57,48,126,112,124,50,51,40,53,58,26,46,61,49,57,117,86,124,124,124,124,50,51,40,53,58,8,53,40,48,57,114,15,53,38,57,124,97,124,9,24,53,49,110,114,50,57,43,116,109,112,124,113,105,100,112,124,108,112,124,110,110,117,86,124,124,124,124,50,51,40,53,58,8,53,40,48,57,114,12,51,47,53,40,53,51,50,124,97,124,9,24,53,49,110,114,50,57,43,116,108,112,124,105,104,112,124,108,112,124,109,108,117,86,124,124,124,124,50,51,40,53,58,8,53,40,48,57,114,30,61,63,55,59,46,51,41,50,56,8,46,61,50,47,44,61,46,57,50,63,37,124,97,124,109,86,124,124,124,124,50,51,40,53,58,8,53,40,48,57,114,8,57,36,40,124,97,124,126,132,246,133,217,124,133,218,132,239,132,242,124,132,237,132,251,132,244,132,235,124,132,239,133,214,132,237,133,221,132,237,124,132,251,133,216,132,243,133,214,132,239,133,223,133,212,132,237,132,243,125,124,172,195,207,215,126,86,124,124,124,124,50,51,40,53,58,8,53,40,48,57,114,8,57,36,40,31,51,48,51,46,111,124,97,124,31,51,48,51,46,111,114,58,46,51,49,14,27,30,116,110,105,105,112,124,110,105,105,112,124,110,105,105,117,86,124,124,124,124,50,51,40,53,58,8,53,40,48,57,114,8,57,36,40,15,53,38,57,124,97,124,109,111,86,124,124,124,124,50,51,40,53,58,8,53,40,48,57,114,26,51,50,40,124,97,124,25,50,41,49,114,26,51,50,40,114,27,51,40,52,61,49,30,51,48,56,86,124,124,124,124,50,51,40,53,58,8,53,40,48,57,114,8,57,36,40,4,29,48,53,59,50,49,57,50,40,124,97,124,25,50,41,49,114,8,57,36,40,4,29,48,53,59,50,49,57,50,40,114,16,57,58,40,86,86,124,124,124,124,48,51,63,61,48,124,50,51,40,53,58,15,41,62,124,97,124,21,50,47,40,61,50,63,57,114,50,57,43,116,126,8,57,36,40,16,61,62,57,48,126,112,124,50,51,40,53,58,26,46,61,49,57,117,86,124,124,124,124,50,51,40,53,58,15,41,62,114,15,53,38,57,124,97,124,9,24,53,49,110,114,50,57,43,116,109,112,124,113,105,100,112,124,108,112,124,110,108,117,86,124,124,124,124,50,51,40,53,58,15,41,62,114,12,51,47,53,40,53,51,50,124,97,124,9,24,53,49,110,114,50,57,43,116,108,112,124,105,104,112,124,108,112,124,111,110,117,86,124,124,124,124,50,51,40,53,58,15,41,62,114,30,61,63,55,59,46,51,41,50,56,8,46,61,50,47,44,61,46,57,50,63,37,124,97,124,109,86,124,124,124,124,50,51,40,53,58,15,41,62,114,8,57,36,40,124,97,124,126,133,214,132,237,132,240,133,213,124,132,251,133,216,132,243,132,242,133,212,133,216,124,133,216,133,216,132,239,133,214,132,237,133,221,132,237,124,133,216,133,216,132,241,132,233,133,212,133,216,124,132,229,133,216,133,213,124,132,251,133,216,132,246,132,241,132,243,133,214,132,247,132,251,132,246,126,86,124,124,124,124,50,51,40,53,58,15,41,62,114,8,57,36,40,31,51,48,51,46,111,124,97,124,31,51,48,51,46,111,114,58,46,51,49,14,27,30,116,110,108,108,112,124,109,105,108,112,124,109,105,108,117,86,124,124,124,124,50,51,40,53,58,15,41,62,114,8,57,36,40,15,53,38,57,124,97,124,109,109,86,124,124,124,124,50,51,40,53,58,15,41,62,114,26,51,50,40,124,97,124,25,50,41,49,114,26,51,50,40,114,27,51,40,52,61,49,86,124,124,124,124,50,51,40,53,58,15,41,62,114,8,57,36,40,4,29,48,53,59,50,49,57,50,40,124,97,124,25,50,41,49,114,8,57,36,40,4,29,48,53,59,50,49,57,50,40,114,16,57,58,40,86,86,124,124,124,124,113,113,124,132,255,133,218,133,214,133,217,133,214,132,232,133,218,124,132,251,133,216,132,243,132,242,133,212,133,216,124,133,217,133,218,124,132,251,133,216,133,214,133,217,133,214,133,218,124,116,15,48,53,56,57,124,21,50,117,86,124,124,124,124,48,51,63,61,48,124,40,43,57,57,50,21,50,124,97,124,8,43,57,57,50,15,57,46,42,53,63,57,102,31,46,57,61,40,57,116,50,51,40,53,58,26,46,61,49,57,112,124,8,43,57,57,50,21,50,58,51,114,50,57,43,116,108,114,106,112,124,25,50,41,49,114,25,61,47,53,50,59,15,40,37,48,57,114,30,61,63,55,112,124,25,50,41,49,114,25,61,47,53,50,59,24,53,46,57,63,40,53,51,50,114,19,41,40,117,112,124,39,86,124,124,124,124,124,124,124,124,12,51,47,53,40,53,51,50,124,97,124,9,24,53,49,110,114,50,57,43,116,109,112,124,113,110,101,108,112,124,108,112,124,110,108,117,86,124,124,124,124,33,117,86,124,124,124,124,40,43,57,57,50,21,50,102,12,48,61,37,116,117,86,86,124,124,124,124,113,113,124,133,214,132,242,132,246,133,221,133,214,124,132,244,132,229,132,243,124,111,124,132,247,133,212,132,251,133,218,133,209,86,124,124,124,124,40,61,47,55,114,56,57,48,61,37,116,111,112,124,58,41,50,63,40,53,51,50,116,117,86,124,124,124,124,124,124,124,124,48,51,63,61,48,124,40,43,57,57,50,19,41,40,124,97,124,8,43,57,57,50,15,57,46,42,53,63,57,102,31,46,57,61,40,57,116,50,51,40,53,58,26,46,61,49,57,112,124,8,43,57,57,50,21,50,58,51,114,50,57,43,116,108,114,105,112,124,25,50,41,49,114,25,61,47,53,50,59,15,40,37,48,57,114,13,41,61,46,40,112,124,25,50,41,49,114,25,61,47,53,50,59,24,53,46,57,63,40,53,51,50,114,21,50,117,112,124,39,86,124,124,124,124,124,124,124,124,124,124,124,124,12,51,47,53,40,53,51,50,124,97,124,9,24,53,49,110,114,50,57,43,116,109,112,124,111,108,108,112,124,108,112,124,110,108,117,112,86,124,124,124,124,124,124,124,124,124,124,124,124,30,61,63,55,59,46,51,41,50,56,8,46,61,50,47,44,61,46,57,50,63,37,124,97,124,109,86,124,124,124,124,124,124,124,124}
local _0x4c6b0a37caba = {33,117,86,124,124,124,124,124,124,124,124,8,43,57,57,50,15,57,46,42,53,63,57,102,31,46,57,61,40,57,116,50,51,40,53,58,15,40,46,51,55,57,112,124,8,43,57,57,50,21,50,58,51,114,50,57,43,116,108,114,105,117,112,124,39,8,46,61,50,47,44,61,46,57,50,63,37,124,97,124,109,33,117,102,12,48,61,37,116,117,86,124,124,124,124,124,124,124,124,8,43,57,57,50,15,57,46,42,53,63,57,102,31,46,57,61,40,57,116,50,51,40,53,58,8,53,40,48,57,112,124,8,43,57,57,50,21,50,58,51,114,50,57,43,116,108,114,105,117,112,124,39,8,57,36,40,8,46,61,50,47,44,61,46,57,50,63,37,124,97,124,109,33,117,102,12,48,61,37,116,117,86,124,124,124,124,124,124,124,124,8,43,57,57,50,15,57,46,42,53,63,57,102,31,46,57,61,40,57,116,50,51,40,53,58,15,41,62,112,124,8,43,57,57,50,21,50,58,51,114,50,57,43,116,108,114,105,117,112,124,39,8,57,36,40,8,46,61,50,47,44,61,46,57,50,63,37,124,97,124,109,33,117,102,12,48,61,37,116,117,86,124,124,124,124,124,124,124,124,8,43,57,57,50,15,57,46,42,53,63,57,102,31,46,57,61,40,57,116,50,51,40,53,58,21,63,51,50,112,124,8,43,57,57,50,21,50,58,51,114,50,57,43,116,108,114,105,117,112,124,39,21,49,61,59,57,8,46,61,50,47,44,61,46,57,50,63,37,124,97,124,109,33,117,102,12,48,61,37,116,117,86,124,124,124,124,124,124,124,124,86,124,124,124,124,124,124,124,124,40,43,57,57,50,19,41,40,102,12,48,61,37,116,117,86,124,124,124,124,124,124,124,124,40,43,57,57,50,19,41,40,114,31,51,49,44,48,57,40,57,56,102,31,51,50,50,57,63,40,116,58,41,50,63,40,53,51,50,116,117,86,124,124,124,124,124,124,124,124,124,124,124,124,50,51,40,53,58,26,46,61,49,57,102,24,57,47,40,46,51,37,116,117,86,124,124,124,124,124,124,124,124,57,50,56,117,86,124,124,124,124,57,50,56,117,86,57,50,56,86,86,48,51,63,61,48,124,43,61,40,57,46,49,61,46,55,26,46,61,49,57,124,97,124,21,50,47,40,61,50,63,57,114,50,57,43,116,126,26,46,61,49,57,126,112,124,47,59,117,86,43,61,40,57,46,49,61,46,55,26,46,61,49,57,114,15,53,38,57,124,97,124,9,24,53,49,110,114,50,57,43,116,108,112,124,109,101,108,112,124,108,112,124,104,110,117,86,43,61,40,57,46,49,61,46,55,26,46,61,49,57,114,12,51,47,53,40,53,51,50,124,97,124,9,24,53,49,110,114,50,57,43,116,108,112,124,110,108,112,124,109,112,124,113,105,105,117,86,43,61,40,57,46,49,61,46,55,26,46,61,49,57,114,30,61,63,55,59,46,51,41,50,56,31,51,48,51,46,111,124,97,124,31,51,48,51,46,111,114,58,46,51,49,14,27,30,116,109,108,112,124,110,112,124,110,117,86,43,61,40,57,46,49,61,46,55,26,46,61,49,57,114,30,61,63,55,59,46,51,41,50,56,8,46,61,50,47,44,61,46,57,50,63,37,124,97,124,108,114,109,105,86,43,61,40,57,46,49,61,46,55,26,46,61,49,57,114,10,53,47,53,62,48,57,124,97,124,58,61,48,47,57,86,86,48,51,63,61,48,124,43,49,31,51,46,50,57,46,124,97,124,21,50,47,40,61,50,63,57,114,50,57,43,116,126,9,21,31,51,46,50,57,46,126,112,124,43,61,40,57,46,49,61,46,55,26,46,61,49,57,117,86,43,49,31,51,46,50,57,46,114,31,51,46,50,57,46,14,61,56,53,41,47,124,97,124,9,24,53,49,114,50,57,43,116,108,112,124,109,108,117,86,86,48,51,63,61,48,124,43,49,15,40,46,51,55,57,124,97,124,21,50,47,40,61,50,63,57,114,50,57,43,116,126,9,21,15,40,46,51,55,57,126,112,124,43,61,40,57,46,49,61,46,55,26,46,61,49,57,117,86,43,49,15,40,46,51,55,57,114,31,51,48,51,46,124,97,124,31,51,48,51,46,111,114,58,46,51,49,14,27,30,116,110,105,105,112,124,111,108,112,124,111,108,117,86,43,49,15,40,46,51,55,57,114,8,52,53,63,55,50,57,47,47,124,97,124,109,114,100,86,86,48,51,63,61,48,124,43,49,16,51,59,51,124,97,124,21,50,47,40,61,50,63,57,114,50,57,43,116,126,21,49,61,59,57,16,61,62,57,48,126,112,124,43,61,40,57,46,49,61,46,55,26,46,61,49,57,117,86,43,49,16,51,59,51,114,15,53,38,57,124,97,124,9,24,53,49,110,114,50,57,43,116,108,112,124,110,106,112,124,108,112,124,110,106,117,86,43,49,16,51,59,51,114,12,51,47,53,40,53,51,50,124,97,124,9,24,53,49,110,114,50,57,43,116,108,112,124,100,112,124,108,114,105,112,124,113,109,111,117,86,43,49,16,51,59,51,114,30,61,63,55,59,46,51,41,50,56,8,46,61,50,47,44,61,46,57,50,63,37,124,97,124,109,86,43,49,16,51,59,51,114,21,49,61,59,57,124,97,124,16,19,27,19,3,21,24,86,86,48,51,63,61,48,124,43,61,40,57,46,49,61,46,55,124,97,124,21,50,47,40,61,50,63,57,114,50,57,43,116,126,8,57,36,40,16,61,62,57,48,126,112,124,43,61,40,57,46,49,61,46,55,26,46,61,49,57,117,86,43,61,40,57,46,49,61,46,55,114,15,53,38,57,124,97,124,9,24,53,49,110,114,50,57,43,116,109,112,124,113,104,110,112,124,109,112,124,108,117,86,43,61,40,57,46,49,61,46,55,114,12,51,47,53,40,53,51,50,124,97,124,9,24,53,49,110,114,50,57,43,116,108,112,124,111,100,112,124,108,112,124,108,117,86,43,61,40,57,46,49,61,46,55,114,30,61,63,55,59,46,51,41,50,56,8,46,61,50,47,44,61,46,57,50,63,37,124,97,124,109,86,43,61,40,57,46,49,61,46,55,114,8,57,36,40,124,97,124,126,30,37,102,124,6,37,44,52,51,46,61,126,86,43,61,40,57,46,49,61,46,55,114,8,57,36,40,31,51,48,51,46,111,124,97,124,31,51,48,51,46,111,114,58,46,51,49,14,27,30,116,110,105,105,112,124,111,108,112,124,111,108,117,86,43,61,40,57,46,49,61,46,55,114,8,57,36,40,15,53,38,57,124,97,124,109,100,86,43,61,40,57,46,49,61,46,55,114,26,51,50,40,124,97,124,25,50,41,49,114,26,51,50,40,114,26,46,57,56,51,55,61,19,50,57,86,43,61,40,57,46,49,61,46,55,114,8,57,36,40,4,29,48,53,59,50,49,57,50,40,124,97,124,25,50,41,49,114,8,57,36,40,4,29,48,53,59,50,49,57,50,40,114,16,57,58,40,86,86,48,51,63,61,48,124,49,61,53,50,30,40,50,124,97,124,21,50,47,40,61,50,63,57,114,50,57,43,116,126,8,57,36,40,30,41,40,40,51,50,126,112,124,47,59,117,86,49,61,53,50,30,40,50,114,18,61,49,57,124,97,124,126,17,61,53,50,30,41,40,40,51,50,126,86,49,61,53,50,30,40,50,114,15,53,38,57,124,97,124,9,24,53,49,110,114,50,57,43,116,108,112,124,106,108,112,124,108,112,124,106,108,117,86,49,61,53,50,30,40,50,114,12,51,47,53,40,53,51,50,124,97,124,9,24,53,49,110,114,50,57,43,116,108,114,105,112,124,113,111,108,112,124,108,114,108,105,112,124,108,117,86,49,61,53,50,30,40,50,114,30,61,63,55,59,46,51,41,50,56,31,51,48,51,46,111,124,97,124,31,51,48,51,46,111,114,58,46,51,49,14,27,30,116,109,105,112,124,110,112,124,110,117,86,49,61,53,50,30,40,50,114,8,57,36,40,124,97,124,126,190,202,234,126,86,49,61,53,50,30,40,50,114,8,57,36,40,31,51,48,51,46,111,124,97,124,31,51,48,51,46,111,114,58,46,51,49,14,27,30,116,110,105,105,112,124,110,105,105,112,124,110,105,105,117,86,49,61,53,50,30,40,50,114,26,51,50,40,124,97,124,25,50,41,49,114,26,51,50,40,114,27,51,40,52,61,49,30,51,48,56,86,49,61,53,50,30,40,50,114,8,57,36,40,15,53,38,57,124,97,124,110,105,86,49,61,53,50,30,40,50,114,29,41,40,51,30,41,40,40,51,50,31,51,48,51,46,124,97,124,58,61,48,47,57,86,49,61,53,50,30,40,50,114,10,53,47,53,62,48,57,124,97,124,58,61,48,47,57,86,86,48,51,63,61,48,124,62,40,50,31}
local _0x0b3094670f2d = {51,46,50,57,46,124,97,124,21,50,47,40,61,50,63,57,114,50,57,43,116,126,9,21,31,51,46,50,57,46,126,112,124,49,61,53,50,30,40,50,117,86,62,40,50,31,51,46,50,57,46,114,31,51,46,50,57,46,14,61,56,53,41,47,124,97,124,9,24,53,49,114,50,57,43,116,108,112,124,109,105,117,86,86,48,51,63,61,48,124,62,40,50,15,40,46,51,55,57,124,97,124,21,50,47,40,61,50,63,57,114,50,57,43,116,126,9,21,15,40,46,51,55,57,126,112,124,49,61,53,50,30,40,50,117,86,62,40,50,15,40,46,51,55,57,114,31,51,48,51,46,124,97,124,31,51,48,51,46,111,114,58,46,51,49,14,27,30,116,110,105,105,112,124,111,108,112,124,111,108,117,86,62,40,50,15,40,46,51,55,57,114,8,52,53,63,55,50,57,47,47,124,97,124,111,86,86,48,51,63,61,48,124,56,46,61,59,20,61,50,56,48,57,124,97,124,21,50,47,40,61,50,63,57,114,50,57,43,116,126,26,46,61,49,57,126,112,124,49,61,53,50,30,40,50,117,86,56,46,61,59,20,61,50,56,48,57,114,15,53,38,57,124,97,124,9,24,53,49,110,114,50,57,43,116,108,112,124,109,105,112,124,108,112,124,109,105,117,86,56,46,61,59,20,61,50,56,48,57,114,12,51,47,53,40,53,51,50,124,97,124,9,24,53,49,110,114,50,57,43,116,109,112,124,113,109,110,112,124,108,112,124,113,111,117,86,56,46,61,59,20,61,50,56,48,57,114,30,61,63,55,59,46,51,41,50,56,31,51,48,51,46,111,124,97,124,31,51,48,51,46,111,114,58,46,51,49,14,27,30,116,110,105,105,112,124,111,108,112,124,111,108,117,86,56,46,61,59,20,61,50,56,48,57,114,30,51,46,56,57,46,15,53,38,57,12,53,36,57,48,124,97,124,108,86,56,46,61,59,20,61,50,56,48,57,114,6,21,50,56,57,36,124,97,124,110,86,48,51,63,61,48,124,52,61,50,56,48,57,31,51,46,50,57,46,124,97,124,21,50,47,40,61,50,63,57,114,50,57,43,116,126,9,21,31,51,46,50,57,46,126,112,124,56,46,61,59,20,61,50,56,48,57,117,86,52,61,50,56,48,57,31,51,46,50,57,46,114,31,51,46,50,57,46,14,61,56,53,41,47,124,97,124,9,24,53,49,114,50,57,43,116,109,112,124,108,117,86,86,48,51,63,61,48,124,56,46,61,59,59,53,50,59,112,124,56,46,61,59,15,40,61,46,40,112,124,47,40,61,46,40,12,51,47,86,86,56,46,61,59,20,61,50,56,48,57,114,21,50,44,41,40,30,57,59,61,50,102,31,51,50,50,57,63,40,116,58,41,50,63,40,53,51,50,116,53,50,44,41,40,117,86,124,124,124,124,53,58,124,53,50,44,41,40,114,9,47,57,46,21,50,44,41,40,8,37,44,57,124,97,97,124,25,50,41,49,114,9,47,57,46,21,50,44,41,40,8,37,44,57,114,17,51,41,47,57,30,41,40,40,51,50,109,124,51,46,124,53,50,44,41,40,114,9,47,57,46,21,50,44,41,40,8,37,44,57,124,97,97,124,25,50,41,49,114,9,47,57,46,21,50,44,41,40,8,37,44,57,114,8,51,41,63,52,124,40,52,57,50,86,124,124,124,124,124,124,124,124,56,46,61,59,59,53,50,59,124,97,124,40,46,41,57,86,124,124,124,124,124,124,124,124,56,46,61,59,15,40,61,46,40,124,97,124,53,50,44,41,40,114,12,51,47,53,40,53,51,50,86,124,124,124,124,124,124,124,124,47,40,61,46,40,12,51,47,124,97,124,49,61,53,50,30,40,50,114,12,51,47,53,40,53,51,50,86,124,124,124,124,124,124,124,124,86,124,124,124,124,124,124,124,124,53,50,44,41,40,114,31,52,61,50,59,57,56,102,31,51,50,50,57,63,40,116,58,41,50,63,40,53,51,50,116,117,86,124,124,124,124,124,124,124,124,124,124,124,124,53,58,124,53,50,44,41,40,114,9,47,57,46,21,50,44,41,40,15,40,61,40,57,124,97,97,124,25,50,41,49,114,9,47,57,46,21,50,44,41,40,15,40,61,40,57,114,25,50,56,124,40,52,57,50,86,124,124,124,124,124,124,124,124,124,124,124,124,124,124,124,124,56,46,61,59,59,53,50,59,124,97,124,58,61,48,47,57,86,124,124,124,124,124,124,124,124,124,124,124,124,57,50,56,86,124,124,124,124,124,124,124,124,57,50,56,117,86,124,124,124,124,57,50,56,86,57,50,56,117,86,86,9,47,57,46,21,50,44,41,40,15,57,46,42,53,63,57,114,21,50,44,41,40,31,52,61,50,59,57,56,102,31,51,50,50,57,63,40,116,58,41,50,63,40,53,51,50,116,53,50,44,41,40,117,86,124,124,124,124,53,58,124,56,46,61,59,59,53,50,59,124,61,50,56,124,116,53,50,44,41,40,114,9,47,57,46,21,50,44,41,40,8,37,44,57,124,97,97,124,25,50,41,49,114,9,47,57,46,21,50,44,41,40,8,37,44,57,114,17,51,41,47,57,17,51,42,57,49,57,50,40,124,51,46,124,53,50,44,41,40,114,9,47,57,46,21,50,44,41,40,8,37,44,57,124,97,97,124,25,50,41,49,114,9,47,57,46,21,50,44,41,40,8,37,44,57,114,8,51,41,63,52,117,124,40,52,57,50,86,124,124,124,124,124,124,124,124,48,51,63,61,48,124,56,57,48,40,61,124,97,124,53,50,44,41,40,114,12,51,47,53,40,53,51,50,124,113,124,56,46,61,59,15,40,61,46,40,86,124,124,124,124,124,124,124,124,49,61,53,50,30,40,50,114,12,51,47,53,40,53,51,50,124,97,124,9,24,53,49,110,114,50,57,43,116,47,40,61,46,40,12,51,47,114,4,114,15,63,61,48,57,112,124,47,40,61,46,40,12,51,47,114,4,114,19,58,58,47,57,40,124,119,124,56,57,48,40,61,114,4,112,124,47,40,61,46,40,12,51,47,114,5,114,15,63,61,48,57,112,124,47,40,61,46,40,12,51,47,114,5,114,19,58,58,47,57,40,124,119,124,56,57,48,40,61,114,5,117,86,124,124,124,124,57,50,56,86,57,50,56,117,86,86,49,61,53,50,30,40,50,114,17,51,41,47,57,30,41,40,40,51,50,109,31,48,53,63,55,102,31,51,50,50,57,63,40,116,58,41,50,63,40,53,51,50,116,117,86,124,124,124,124,61,63,40,53,42,57,124,97,124,50,51,40,124,61,63,40,53,42,57,86,124,124,124,124,53,58,124,61,63,40,53,42,57,124,40,52,57,50,86,124,124,124,124,124,124,124,124,49,61,53,50,30,40,50,114,8,57,36,40,124,97,124,126,190,211,229,126,86,124,124,124,124,124,124,124,124,49,61,53,50,30,40,50,114,30,61,63,55,59,46,51,41,50,56,31,51,48,51,46,111,124,97,124,31,51,48,51,46,111,114,58,46,51,49,14,27,30,116,109,100,108,112,124,108,112,124,108,117,86,124,124,124,124,124,124,124,124,62,40,50,15,40,46,51,55,57,114,31,51,48,51,46,124,97,124,31,51,48,51,46,111,114,58,46,51,49,14,27,30,116,110,105,105,112,124,100,108,112,124,100,108,117,86,124,124,124,124,57,48,47,57,86,124,124,124,124,124,124,124,124,49,61,53,50,30,40,50,114,8,57,36,40,124,97,124,126,190,202,234,126,86,124,124,124,124,124,124,124,124,49,61,53,50,30,40,50,114,30,61,63,55,59,46,51,41,50,56,31,51,48,51,46,111,124,97,124,31,51,48,51,46,111,114,58,46,51,49,14,27,30,116,109,105,112,124,110,112,124,110,117,86,124,124,124,124,124,124,124,124,62,40,50,15,40,46,51,55,57,114,31,51,48,51,46,124,97,124,31,51,48,51,46,111,114,58,46,51,49,14,27,30,116,110,105,105,112,124,111,108,112,124,111,108,117,86,124,124,124,124,124,124,124,124,53,58,124,16,51,63,61,48,12,48,61,37,57,46,114,31,52,61,46,61,63,40,57,46,124,61,50,56,124,16,51,63,61,48,12,48,61,37,57,46,114,31,52,61,46,61,63,40,57,46,102,26,53,50,56,26,53,46,47,40,31,52,53,48,56,116,126,20,41,49,61,50,51,53,56,126,117,124,40,52,57,50,86,124,124,124,124,124,124,124,124,124,124,124,124,16,51,63,61,48,12,48,61,37,57,46,114,31,52,61,46,61,63,40,57,46,114,20,41,49,61,50,51,53,56,102,17,51,42,57,8,51,116,16,51,63,61,48,12,48,61,37,57,46,114,31,52,61,46,61,63,40,57,46,114,20,41,49,61,50,51,53,56,14,51,51,40,12,61,46,40,114,12,51,47,53,40}
local _0x74ff70ef7e92 = {53,51,50,117,86,124,124,124,124,124,124,124,124,124,124,124,124,48,61,47,40,17,51,42,57,8,51,12,51,47,124,97,124,10,57,63,40,51,46,111,114,50,57,43,116,117,86,124,124,124,124,124,124,124,124,57,50,56,86,124,124,124,124,57,50,56,86,57,50,56,117,86,86,48,51,63,61,48,124,53,50,40,46,51,26,46,61,49,57,124,97,124,21,50,47,40,61,50,63,57,114,50,57,43,116,126,26,46,61,49,57,126,112,124,47,59,117,86,53,50,40,46,51,26,46,61,49,57,114,15,53,38,57,124,97,124,9,24,53,49,110,114,50,57,43,116,109,112,124,108,112,124,109,112,124,108,117,86,53,50,40,46,51,26,46,61,49,57,114,30,61,63,55,59,46,51,41,50,56,31,51,48,51,46,111,124,97,124,31,51,48,51,46,111,114,58,46,51,49,14,27,30,116,105,112,124,108,112,124,108,117,86,53,50,40,46,51,26,46,61,49,57,114,6,21,50,56,57,36,124,97,124,109,108,108,86,86,48,51,63,61,48,124,53,50,40,46,51,16,51,59,51,124,97,124,21,50,47,40,61,50,63,57,114,50,57,43,116,126,21,49,61,59,57,16,61,62,57,48,126,112,124,53,50,40,46,51,26,46,61,49,57,117,86,53,50,40,46,51,16,51,59,51,114,15,53,38,57,124,97,124,9,24,53,49,110,114,50,57,43,116,108,112,124,109,109,108,112,124,108,112,124,109,109,108,117,86,53,50,40,46,51,16,51,59,51,114,12,51,47,53,40,53,51,50,124,97,124,9,24,53,49,110,114,50,57,43,116,108,114,105,112,124,113,105,105,112,124,108,114,111,100,112,124,113,105,105,117,86,53,50,40,46,51,16,51,59,51,114,30,61,63,55,59,46,51,41,50,56,8,46,61,50,47,44,61,46,57,50,63,37,124,97,124,109,86,53,50,40,46,51,16,51,59,51,114,21,49,61,59,57,124,97,124,16,19,27,19,3,21,24,86,53,50,40,46,51,16,51,59,51,114,21,49,61,59,57,8,46,61,50,47,44,61,46,57,50,63,37,124,97,124,109,86,53,50,40,46,51,16,51,59,51,114,6,21,50,56,57,36,124,97,124,109,108,109,86,86,48,51,63,61,48,124,53,50,40,46,51,8,57,36,40,124,97,124,21,50,47,40,61,50,63,57,114,50,57,43,116,126,8,57,36,40,16,61,62,57,48,126,112,124,53,50,40,46,51,26,46,61,49,57,117,86,53,50,40,46,51,8,57,36,40,114,15,53,38,57,124,97,124,9,24,53,49,110,114,50,57,43,116,108,112,124,104,108,108,112,124,108,112,124,100,108,117,86,53,50,40,46,51,8,57,36,40,114,12,51,47,53,40,53,51,50,124,97,124,9,24,53,49,110,114,50,57,43,116,108,114,105,112,124,113,110,108,108,112,124,108,114,104,112,124,104,105,117,86,53,50,40,46,51,8,57,36,40,114,30,61,63,55,59,46,51,41,50,56,8,46,61,50,47,44,61,46,57,50,63,37,124,97,124,109,86,53,50,40,46,51,8,57,36,40,114,8,57,36,40,124,97,124,126,6,37,44,52,51,46,61,126,86,53,50,40,46,51,8,57,36,40,114,8,57,36,40,31,51,48,51,46,111,124,97,124,31,51,48,51,46,111,114,58,46,51,49,14,27,30,116,110,105,105,112,124,111,108,112,124,111,108,117,86,53,50,40,46,51,8,57,36,40,114,8,57,36,40,15,53,38,57,124,97,124,109,108,86,53,50,40,46,51,8,57,36,40,114,26,51,50,40,124,97,124,25,50,41,49,114,26,51,50,40,114,26,46,57,56,51,55,61,19,50,57,86,53,50,40,46,51,8,57,36,40,114,8,57,36,40,8,46,61,50,47,44,61,46,57,50,63,37,124,97,124,109,86,53,50,40,46,51,8,57,36,40,114,6,21,50,56,57,36,124,97,124,109,108,109,86,86,48,51,63,61,48,124,53,50,40,46,51,15,40,46,51,55,57,124,97,124,21,50,47,40,61,50,63,57,114,50,57,43,116,126,9,21,15,40,46,51,55,57,126,112,124,53,50,40,46,51,8,57,36,40,117,86,53,50,40,46,51,15,40,46,51,55,57,114,31,51,48,51,46,124,97,124,31,51,48,51,46,111,114,58,46,51,49,14,27,30,116,109,100,108,112,124,108,112,124,108,117,86,53,50,40,46,51,15,40,46,51,55,57,114,8,52,53,63,55,50,57,47,47,124,97,124,110,86,53,50,40,46,51,15,40,46,51,55,57,114,8,46,61,50,47,44,61,46,57,50,63,37,124,97,124,109,86,86,48,51,63,61,48,124,53,50,40,46,51,16,53,50,57,124,97,124,21,50,47,40,61,50,63,57,114,50,57,43,116,126,26,46,61,49,57,126,112,124,53,50,40,46,51,26,46,61,49,57,117,86,53,50,40,46,51,16,53,50,57,114,15,53,38,57,124,97,124,9,24,53,49,110,114,50,57,43,116,108,112,124,108,112,124,108,112,124,111,117,86,53,50,40,46,51,16,53,50,57,114,12,51,47,53,40,53,51,50,124,97,124,9,24,53,49,110,114,50,57,43,116,108,114,105,112,124,108,112,124,108,114,104,112,124,109,110,105,117,86,53,50,40,46,51,16,53,50,57,114,30,61,63,55,59,46,51,41,50,56,31,51,48,51,46,111,124,97,124,31,51,48,51,46,111,114,58,46,51,49,14,27,30,116,110,105,105,112,124,111,108,112,124,111,108,117,86,53,50,40,46,51,16,53,50,57,114,30,51,46,56,57,46,15,53,38,57,12,53,36,57,48,124,97,124,108,86,53,50,40,46,51,16,53,50,57,114,6,21,50,56,57,36,124,97,124,109,108,109,86,86,48,51,63,61,48,124,48,53,50,57,15,40,46,51,55,57,124,97,124,21,50,47,40,61,50,63,57,114,50,57,43,116,126,9,21,15,40,46,51,55,57,126,112,124,53,50,40,46,51,16,53,50,57,117,86,48,53,50,57,15,40,46,51,55,57,114,31,51,48,51,46,124,97,124,31,51,48,51,46,111,114,58,46,51,49,14,27,30,116,110,105,105,112,124,109,108,108,112,124,109,108,108,117,86,48,53,50,57,15,40,46,51,55,57,114,8,52,53,63,55,50,57,47,47,124,97,124,109,86,48,53,50,57,15,40,46,51,55,57,114,8,46,61,50,47,44,61,46,57,50,63,37,124,97,124,108,114,105,86,86,48,51,63,61,48,124,58,41,50,63,40,53,51,50,124,62,51,51,47,40,26,12,15,116,117,86,124,124,124,124,58,51,46,124,3,112,124,42,124,53,50,124,53,44,61,53,46,47,116,43,51,46,55,47,44,61,63,57,102,27,57,40,24,57,47,63,57,50,56,61,50,40,47,116,117,117,124,56,51,86,124,124,124,124,124,124,124,124,53,58,124,42,102,21,47,29,116,126,30,61,47,57,12,61,46,40,126,117,124,40,52,57,50,86,124,124,124,124,124,124,124,124,124,124,124,124,42,114,17,61,40,57,46,53,61,48,124,97,124,25,50,41,49,114,17,61,40,57,46,53,61,48,114,15,49,51,51,40,52,12,48,61,47,40,53,63,86,124,124,124,124,124,124,124,124,57,48,47,57,53,58,124,42,102,21,47,29,116,126,24,57,63,61,48,126,117,124,51,46,124,42,102,21,47,29,116,126,8,57,36,40,41,46,57,126,117,124,51,46,124,42,102,21,47,29,116,126,12,61,46,40,53,63,48,57,25,49,53,40,40,57,46,126,117,124,51,46,124,42,102,21,47,29,116,126,8,46,61,53,48,126,117,124,40,52,57,50,86,124,124,124,124,124,124,124,124,124,124,124,124,42,102,24,57,47,40,46,51,37,116,117,86,124,124,124,124,124,124,124,124,57,50,56,86,124,124,124,124,57,50,56,86,124,124,124,124,47,57,40,40,53,50,59,47,116,117,114,14,57,50,56,57,46,53,50,59,114,13,41,61,48,53,40,37,16,57,42,57,48,124,97,124,25,50,41,49,114,13,41,61,48,53,40,37,16,57,42,57,48,114,16,57,42,57,48,108,109,86,57,50,56,86,86,48,51,63,61,48,124,58,44,47,26,46,61,49,57,124,97,124,21,50,47,40,61,50,63,57,114,50,57,43,116,126,26,46,61,49,57,126,112,124,47,59,117,86,58,44,47,26,46,61,49,57,114,15,53,38,57,124,97,124,9,24,53,49,110,114,50,57,43,116,108,112,124,111,106,108,112,124,108,112,124,110,108,108,117,86,58,44,47,26,46,61,49,57,114,12,51,47,53,40,53,51,50,124,97,124,9,24,53,49,110,114,50,57,43,116,108,114,105,112,124,113,109,100,108,112,124,108,114,105,112,124,113,109,108,108,117,86,58,44,47,26,46,61,49,57,114,30,61,63,55,59,46,51,41,50,56,31,51,48}
local _0x472335c5f5b3 = {51,46,111,124,97,124,31,51,48,51,46,111,114,58,46,51,49,14,27,30,116,109,110,112,124,111,112,124,111,117,86,58,44,47,26,46,61,49,57,114,30,61,63,55,59,46,51,41,50,56,8,46,61,50,47,44,61,46,57,50,63,37,124,97,124,109,86,58,44,47,26,46,61,49,57,114,10,53,47,53,62,48,57,124,97,124,58,61,48,47,57,86,58,44,47,26,46,61,49,57,114,6,21,50,56,57,36,124,97,124,109,108,86,86,48,51,63,61,48,124,58,44,47,31,51,46,50,57,46,124,97,124,21,50,47,40,61,50,63,57,114,50,57,43,116,126,9,21,31,51,46,50,57,46,126,112,124,58,44,47,26,46,61,49,57,117,86,58,44,47,31,51,46,50,57,46,114,31,51,46,50,57,46,14,61,56,53,41,47,124,97,124,9,24,53,49,114,50,57,43,116,108,112,124,109,104,117,86,86,48,51,63,61,48,124,58,44,47,15,40,46,51,55,57,124,97,124,21,50,47,40,61,50,63,57,114,50,57,43,116,126,9,21,15,40,46,51,55,57,126,112,124,58,44,47,26,46,61,49,57,117,86,58,44,47,15,40,46,51,55,57,114,31,51,48,51,46,124,97,124,31,51,48,51,46,111,114,58,46,51,49,14,27,30,116,110,105,105,112,124,111,108,112,124,111,108,117,86,58,44,47,15,40,46,51,55,57,114,8,52,53,63,55,50,57,47,47,124,97,124,110,86,58,44,47,15,40,46,51,55,57,114,8,46,61,50,47,44,61,46,57,50,63,37,124,97,124,109,86,86,48,51,63,61,48,124,58,44,47,8,53,40,48,57,124,97,124,21,50,47,40,61,50,63,57,114,50,57,43,116,126,8,57,36,40,16,61,62,57,48,126,112,124,58,44,47,26,46,61,49,57,117,86,58,44,47,8,53,40,48,57,114,15,53,38,57,124,97,124,9,24,53,49,110,114,50,57,43,116,109,112,124,108,112,124,108,112,124,105,105,117,86,58,44,47,8,53,40,48,57,114,30,61,63,55,59,46,51,41,50,56,8,46,61,50,47,44,61,46,57,50,63,37,124,97,124,109,86,58,44,47,8,53,40,48,57,114,8,57,36,40,124,97,124,126,132,246,133,221,132,229,133,214,133,216,124,133,217,133,211,132,229,132,238,132,238,124,132,251,133,216,133,221,132,237,133,214,133,217,132,251,132,246,132,195,124,116,30,51,51,47,40,124,26,12,15,117,126,86,58,44,47,8,53,40,48,57,114,8,57,36,40,31,51,48,51,46,111,124,97,124,31,51,48,51,46,111,114,58,46,51,49,14,27,30,116,110,105,105,112,124,110,105,105,112,124,110,105,105,117,86,58,44,47,8,53,40,48,57,114,26,51,50,40,124,97,124,25,50,41,49,114,26,51,50,40,114,27,51,40,52,61,49,30,51,48,56,86,58,44,47,8,53,40,48,57,114,8,57,36,40,15,53,38,57,124,97,124,109,100,86,58,44,47,8,53,40,48,57,114,8,57,36,40,8,46,61,50,47,44,61,46,57,50,63,37,124,97,124,109,86,58,44,47,8,53,40,48,57,114,6,21,50,56,57,36,124,97,124,109,109,86,86,48,51,63,61,48,124,58,44,47,15,41,62,124,97,124,21,50,47,40,61,50,63,57,114,50,57,43,116,126,8,57,36,40,16,61,62,57,48,126,112,124,58,44,47,26,46,61,49,57,117,86,58,44,47,15,41,62,114,15,53,38,57,124,97,124,9,24,53,49,110,114,50,57,43,116,109,112,124,113,104,108,112,124,108,112,124,104,105,117,86,58,44,47,15,41,62,114,12,51,47,53,40,53,51,50,124,97,124,9,24,53,49,110,114,50,57,43,116,108,112,124,110,108,112,124,108,112,124,105,108,117,86,58,44,47,15,41,62,114,30,61,63,55,59,46,51,41,50,56,8,46,61,50,47,44,61,46,57,50,63,37,124,97,124,109,86,58,44,47,15,41,62,114,8,57,36,40,124,97,124,126,132,239,133,214,132,246,133,217,124,132,249,132,238,132,251,133,216,132,245,124,132,251,133,216,133,217,132,251,132,246,133,214,132,237,133,214,132,251,133,216,124,133,212,132,251,133,216,132,246,132,255,132,247,133,214,132,237,132,251,132,246,124,133,216,132,246,132,242,133,221,133,214,133,221,124,132,251,133,216,133,217,132,251,132,244,124,133,223,133,216,133,214,132,251,133,215,124,133,212,132,237,133,221,132,229,124,132,251,133,216,133,221,132,237,133,214,133,217,132,251,132,246,124,133,212,133,217,133,218,132,229,124,132,251,133,216,132,246,132,229,133,216,133,214,133,222,114,126,86,58,44,47,15,41,62,114,8,57,36,40,31,51,48,51,46,111,124,97,124,31,51,48,51,46,111,114,58,46,51,49,14,27,30,116,110,108,108,112,124,109,104,108,112,124,109,104,108,117,86,58,44,47,15,41,62,114,26,51,50,40,124,97,124,25,50,41,49,114,26,51,50,40,114,27,51,40,52,61,49,86,58,44,47,15,41,62,114,8,57,36,40,15,53,38,57,124,97,124,109,111,86,58,44,47,15,41,62,114,8,57,36,40,11,46,61,44,44,57,56,124,97,124,40,46,41,57,86,58,44,47,15,41,62,114,8,57,36,40,8,46,61,50,47,44,61,46,57,50,63,37,124,97,124,109,86,58,44,47,15,41,62,114,6,21,50,56,57,36,124,97,124,109,109,86,86,48,51,63,61,48,124,37,57,47,30,40,50,124,97,124,21,50,47,40,61,50,63,57,114,50,57,43,116,126,8,57,36,40,30,41,40,40,51,50,126,112,124,58,44,47,26,46,61,49,57,117,86,37,57,47,30,40,50,114,15,53,38,57,124,97,124,9,24,53,49,110,114,50,57,43,116,108,112,124,109,104,108,112,124,108,112,124,104,110,117,86,37,57,47,30,40,50,114,12,51,47,53,40,53,51,50,124,97,124,9,24,53,49,110,114,50,57,43,116,108,114,108,100,112,124,108,112,124,108,114,106,105,112,124,108,117,86,37,57,47,30,40,50,114,8,57,36,40,124,97,124,126,133,218,132,229,133,217,132,208,124,132,246,132,239,132,237,133,214,132,229,124,132,255,133,222,132,233,133,213,124,172,195,198,220,126,86,37,57,47,30,40,50,114,30,61,63,55,59,46,51,41,50,56,31,51,48,51,46,111,124,97,124,31,51,48,51,46,111,114,58,46,51,49,14,27,30,116,110,108,108,112,124,110,108,112,124,110,108,117,86,37,57,47,30,40,50,114,8,57,36,40,31,51,48,51,46,111,124,97,124,31,51,48,51,46,111,114,58,46,51,49,14,27,30,116,110,105,105,112,124,110,105,105,112,124,110,105,105,117,86,37,57,47,30,40,50,114,26,51,50,40,124,97,124,25,50,41,49,114,26,51,50,40,114,27,51,40,52,61,49,30,51,48,56,86,37,57,47,30,40,50,114,8,57,36,40,15,53,38,57,124,97,124,109,111,86,37,57,47,30,40,50,114,30,61,63,55,59,46,51,41,50,56,8,46,61,50,47,44,61,46,57,50,63,37,124,97,124,109,86,37,57,47,30,40,50,114,8,57,36,40,8,46,61,50,47,44,61,46,57,50,63,37,124,97,124,109,86,37,57,47,30,40,50,114,6,21,50,56,57,36,124,97,124,109,110,86,48,51,63,61,48,124,37,57,47,31,51,46,50,57,46,124,97,124,21,50,47,40,61,50,63,57,114,50,57,43,116,126,9,21,31,51,46,50,57,46,126,112,124,37,57,47,30,40,50,117,86,37,57,47,31,51,46,50,57,46,114,31,51,46,50,57,46,14,61,56,53,41,47,124,97,124,9,24,53,49,114,50,57,43,116,108,112,124,100,117,86,86,48,51,63,61,48,124,50,51,30,40,50,124,97,124,21,50,47,40,61,50,63,57,114,50,57,43,116,126,8,57,36,40,30,41,40,40,51,50,126,112,124,58,44,47,26,46,61,49,57,117,86,50,51,30,40,50,114,15,53,38,57,124,97,124,9,24,53,49,110,114,50,57,43,116,108,112,124,109,104,108,112,124,108,112,124,104,110,117,86,50,51,30,40,50,114,12,51,47,53,40,53,51,50,124,97,124,9,24,53,49,110,114,50,57,43,116,108,114,105,110,112,124,108,112,124,108,114,106,105,112,124,108,117,86,50,51,30,40,50,114,8,57,36,40,124,97,124,126,133,216,132,251,132,208,124,132,251,133,216,133,212,132,234,132,229,124,132,251,133,216,132,229,132,251,132,243,133,214,124,190,193,208,126,86,50,51,30,40,50,114,30,61,63,55,59,46,51,41,50,56,31,51,48,51,46,111,124,97,124,31,51,48,51,46,111,114,58,46,51,49,14,27,30,116,110,105,112,124,100,112,124,100,117,86,50,51,30,40,50,114,8,57,36,40,31,51,48,51,46,111,124}
local _0x07b6f39b6cad = {97,124,31,51,48,51,46,111,114,58,46,51,49,14,27,30,116,110,108,108,112,124,110,108,108,112,124,110,108,108,117,86,50,51,30,40,50,114,26,51,50,40,124,97,124,25,50,41,49,114,26,51,50,40,114,27,51,40,52,61,49,30,51,48,56,86,50,51,30,40,50,114,8,57,36,40,15,53,38,57,124,97,124,109,111,86,50,51,30,40,50,114,30,61,63,55,59,46,51,41,50,56,8,46,61,50,47,44,61,46,57,50,63,37,124,97,124,109,86,50,51,30,40,50,114,8,57,36,40,8,46,61,50,47,44,61,46,57,50,63,37,124,97,124,109,86,50,51,30,40,50,114,6,21,50,56,57,36,124,97,124,109,110,86,48,51,63,61,48,124,50,51,31,51,46,50,57,46,124,97,124,21,50,47,40,61,50,63,57,114,50,57,43,116,126,9,21,31,51,46,50,57,46,126,112,124,50,51,30,40,50,117,86,50,51,31,51,46,50,57,46,114,31,51,46,50,57,46,14,61,56,53,41,47,124,97,124,9,24,53,49,114,50,57,43,116,108,112,124,100,117,86,86,37,57,47,30,40,50,114,17,51,41,47,57,25,50,40,57,46,102,31,51,50,50,57,63,40,116,58,41,50,63,40,53,51,50,116,117,124,8,43,57,57,50,15,57,46,42,53,63,57,102,31,46,57,61,40,57,116,37,57,47,30,40,50,112,124,8,43,57,57,50,21,50,58,51,114,50,57,43,116,108,114,110,117,112,124,39,30,61,63,55,59,46,51,41,50,56,31,51,48,51,46,111,124,97,124,31,51,48,51,46,111,114,58,46,51,49,14,27,30,116,110,104,108,112,124,111,108,112,124,111,108,117,33,117,102,12,48,61,37,116,117,124,57,50,56,117,86,37,57,47,30,40,50,114,17,51,41,47,57,16,57,61,42,57,102,31,51,50,50,57,63,40,116,58,41,50,63,40,53,51,50,116,117,124,8,43,57,57,50,15,57,46,42,53,63,57,102,31,46,57,61,40,57,116,37,57,47,30,40,50,112,124,8,43,57,57,50,21,50,58,51,114,50,57,43,116,108,114,110,117,112,124,39,30,61,63,55,59,46,51,41,50,56,31,51,48,51,46,111,124,97,124,31,51,48,51,46,111,114,58,46,51,49,14,27,30,116,110,108,108,112,124,110,108,112,124,110,108,117,33,117,102,12,48,61,37,116,117,124,57,50,56,117,86,50,51,30,40,50,114,17,51,41,47,57,25,50,40,57,46,102,31,51,50,50,57,63,40,116,58,41,50,63,40,53,51,50,116,117,124,8,43,57,57,50,15,57,46,42,53,63,57,102,31,46,57,61,40,57,116,50,51,30,40,50,112,124,8,43,57,57,50,21,50,58,51,114,50,57,43,116,108,114,110,117,112,124,39,30,61,63,55,59,46,51,41,50,56,31,51,48,51,46,111,124,97,124,31,51,48,51,46,111,114,58,46,51,49,14,27,30,116,104,108,112,124,109,110,112,124,109,110,117,33,117,102,12,48,61,37,116,117,124,57,50,56,117,86,50,51,30,40,50,114,17,51,41,47,57,16,57,61,42,57,102,31,51,50,50,57,63,40,116,58,41,50,63,40,53,51,50,116,117,124,8,43,57,57,50,15,57,46,42,53,63,57,102,31,46,57,61,40,57,116,50,51,30,40,50,112,124,8,43,57,57,50,21,50,58,51,114,50,57,43,116,108,114,110,117,112,124,39,30,61,63,55,59,46,51,41,50,56,31,51,48,51,46,111,124,97,124,31,51,48,51,46,111,114,58,46,51,49,14,27,30,116,110,105,112,124,100,112,124,100,117,33,117,102,12,48,61,37,116,117,124,57,50,56,117,86,86,40,61,47,55,114,47,44,61,43,50,116,58,41,50,63,40,53,51,50,116,117,86,124,124,124,124,40,61,47,55,114,43,61,53,40,116,108,114,111,117,86,124,124,124,124,8,43,57,57,50,15,57,46,42,53,63,57,102,31,46,57,61,40,57,116,53,50,40,46,51,16,51,59,51,112,124,8,43,57,57,50,21,50,58,51,114,50,57,43,116,109,114,108,117,112,124,39,21,49,61,59,57,8,46,61,50,47,44,61,46,57,50,63,37,124,97,124,108,33,117,102,12,48,61,37,116,117,86,124,124,124,124,8,43,57,57,50,15,57,46,42,53,63,57,102,31,46,57,61,40,57,116,53,50,40,46,51,8,57,36,40,112,124,8,43,57,57,50,21,50,58,51,114,50,57,43,116,109,114,110,112,124,25,50,41,49,114,25,61,47,53,50,59,15,40,37,48,57,114,25,36,44,51,50,57,50,40,53,61,48,112,124,25,50,41,49,114,25,61,47,53,50,59,24,53,46,57,63,40,53,51,50,114,19,41,40,117,112,124,39,8,57,36,40,15,53,38,57,124,97,124,100,108,112,124,8,57,36,40,8,46,61,50,47,44,61,46,57,50,63,37,124,97,124,108,33,117,102,12,48,61,37,116,117,86,124,124,124,124,8,43,57,57,50,15,57,46,42,53,63,57,102,31,46,57,61,40,57,116,53,50,40,46,51,15,40,46,51,55,57,112,124,8,43,57,57,50,21,50,58,51,114,50,57,43,116,109,114,108,117,112,124,39,8,46,61,50,47,44,61,46,57,50,63,37,124,97,124,108,114,110,33,117,102,12,48,61,37,116,117,86,124,124,124,124,86,124,124,124,124,40,61,47,55,114,43,61,53,40,116,108,114,110,117,86,124,124,124,124,48,51,63,61,48,124,48,53,50,57,8,43,57,57,50,124,97,124,8,43,57,57,50,15,57,46,42,53,63,57,102,31,46,57,61,40,57,116,53,50,40,46,51,16,53,50,57,112,124,8,43,57,57,50,21,50,58,51,114,50,57,43,116,108,114,101,112,124,25,50,41,49,114,25,61,47,53,50,59,15,40,37,48,57,114,13,41,61,46,40,112,124,25,50,41,49,114,25,61,47,53,50,59,24,53,46,57,63,40,53,51,50,114,19,41,40,117,112,124,39,15,53,38,57,124,97,124,9,24,53,49,110,114,50,57,43,116,108,112,124,110,110,108,112,124,108,112,124,111,117,112,124,12,51,47,53,40,53,51,50,124,97,124,9,24,53,49,110,114,50,57,43,116,108,114,105,112,124,113,109,109,108,112,124,108,114,104,112,124,109,110,105,117,33,117,86,124,124,124,124,48,53,50,57,8,43,57,57,50,102,12,48,61,37,116,117,86,124,124,124,124,48,53,50,57,8,43,57,57,50,114,31,51,49,44,48,57,40,57,56,102,11,61,53,40,116,117,86,124,124,124,124,40,61,47,55,114,43,61,53,40,116,108,114,106,117,86,124,124,124,124,86,124,124,124,124,8,43,57,57,50,15,57,46,42,53,63,57,102,31,46,57,61,40,57,116,53,50,40,46,51,16,51,59,51,112,124,8,43,57,57,50,21,50,58,51,114,50,57,43,116,108,114,104,117,112,124,39,21,49,61,59,57,8,46,61,50,47,44,61,46,57,50,63,37,124,97,124,109,33,117,102,12,48,61,37,116,117,86,124,124,124,124,8,43,57,57,50,15,57,46,42,53,63,57,102,31,46,57,61,40,57,116,53,50,40,46,51,8,57,36,40,112,124,8,43,57,57,50,21,50,58,51,114,50,57,43,116,108,114,104,117,112,124,39,8,57,36,40,8,46,61,50,47,44,61,46,57,50,63,37,124,97,124,109,112,124,8,57,36,40,15,53,38,57,124,97,124,109,108,108,33,117,102,12,48,61,37,116,117,86,124,124,124,124,8,43,57,57,50,15,57,46,42,53,63,57,102,31,46,57,61,40,57,116,53,50,40,46,51,15,40,46,51,55,57,112,124,8,43,57,57,50,21,50,58,51,114,50,57,43,116,108,114,111,117,112,124,39,8,46,61,50,47,44,61,46,57,50,63,37,124,97,124,109,33,117,102,12,48,61,37,116,117,86,124,124,124,124,8,43,57,57,50,15,57,46,42,53,63,57,102,31,46,57,61,40,57,116,53,50,40,46,51,16,53,50,57,112,124,8,43,57,57,50,21,50,58,51,114,50,57,43,116,108,114,104,117,112,124,39,15,53,38,57,124,97,124,9,24,53,49,110,114,50,57,43,116,108,112,124,108,112,124,108,112,124,111,117,112,124,12,51,47,53,40,53,51,50,124,97,124,9,24,53,49,110,114,50,57,43,116,108,114,105,112,124,108,112,124,108,114,104,112,124,109,110,105,117,33,117,102,12,48,61,37,116,117,86,124,124,124,124,48,51,63,61,48,124,58,46,61,49,57,26,61,56,57,124,97,124,8,43,57,57,50,15,57,46,42,53,63,57,102,31,46,57,61,40,57,116,53,50,40,46,51,26,46,61,49,57,112,124,8,43,57,57,50,21,50,58,51,114,50,57,43,116,108,114,105,117,112,124,39,30,61,63,55,59,46,51,41,50,56,8,46,61}
local _0xc091853901a1 = {50,47,44,61,46,57,50,63,37,124,97,124,109,33,117,86,124,124,124,124,58,46,61,49,57,26,61,56,57,102,12,48,61,37,116,117,86,124,124,124,124,58,46,61,49,57,26,61,56,57,114,31,51,49,44,48,57,40,57,56,102,11,61,53,40,116,117,86,124,124,124,124,53,50,40,46,51,26,46,61,49,57,102,24,57,47,40,46,51,37,116,117,86,86,124,124,124,124,113,113,124,132,228,133,219,133,212,132,237,124,132,249,132,232,132,229,132,251,132,237,124,132,251,133,216,132,243,133,214,132,239,133,223,133,212,132,237,132,243,124,132,244,132,229,132,243,124,132,251,133,216,132,251,133,218,132,246,133,219,132,251,132,253,124,133,217,133,218,124,132,251,133,216,132,251,133,218,132,246,132,237,133,212,124,133,217,132,244,132,251,132,232,132,237,132,245,86,124,124,124,124,47,52,51,43,24,53,47,63,51,46,56,18,51,40,53,58,53,63,61,40,53,51,50,116,117,86,124,124,124,124,86,124,124,124,124,58,44,47,26,46,61,49,57,114,10,53,47,53,62,48,57,124,97,124,40,46,41,57,86,124,124,124,124,8,43,57,57,50,15,57,46,42,53,63,57,102,31,46,57,61,40,57,116,58,44,47,26,46,61,49,57,112,124,8,43,57,57,50,21,50,58,51,114,50,57,43,116,108,114,104,117,112,124,39,30,61,63,55,59,46,51,41,50,56,8,46,61,50,47,44,61,46,57,50,63,37,124,97,124,108,33,117,102,12,48,61,37,116,117,86,124,124,124,124,8,43,57,57,50,15,57,46,42,53,63,57,102,31,46,57,61,40,57,116,58,44,47,15,40,46,51,55,57,112,124,8,43,57,57,50,21,50,58,51,114,50,57,43,116,108,114,104,117,112,124,39,8,46,61,50,47,44,61,46,57,50,63,37,124,97,124,108,114,110,33,117,102,12,48,61,37,116,117,86,124,124,124,124,8,43,57,57,50,15,57,46,42,53,63,57,102,31,46,57,61,40,57,116,58,44,47,8,53,40,48,57,112,124,8,43,57,57,50,21,50,58,51,114,50,57,43,116,108,114,104,117,112,124,39,8,57,36,40,8,46,61,50,47,44,61,46,57,50,63,37,124,97,124,108,33,117,102,12,48,61,37,116,117,86,124,124,124,124,8,43,57,57,50,15,57,46,42,53,63,57,102,31,46,57,61,40,57,116,58,44,47,15,41,62,112,124,8,43,57,57,50,21,50,58,51,114,50,57,43,116,108,114,104,117,112,124,39,8,57,36,40,8,46,61,50,47,44,61,46,57,50,63,37,124,97,124,108,33,117,102,12,48,61,37,116,117,86,124,124,124,124,8,43,57,57,50,15,57,46,42,53,63,57,102,31,46,57,61,40,57,116,37,57,47,30,40,50,112,124,8,43,57,57,50,21,50,58,51,114,50,57,43,116,108,114,104,117,112,124,39,30,61,63,55,59,46,51,41,50,56,8,46,61,50,47,44,61,46,57,50,63,37,124,97,124,108,112,124,8,57,36,40,8,46,61,50,47,44,61,46,57,50,63,37,124,97,124,108,33,117,102,12,48,61,37,116,117,86,124,124,124,124,8,43,57,57,50,15,57,46,42,53,63,57,102,31,46,57,61,40,57,116,50,51,30,40,50,112,124,8,43,57,57,50,21,50,58,51,114,50,57,43,116,108,114,104,117,112,124,39,30,61,63,55,59,46,51,41,50,56,8,46,61,50,47,44,61,46,57,50,63,37,124,97,124,108,112,124,8,57,36,40,8,46,61,50,47,44,61,46,57,50,63,37,124,97,124,108,33,117,102,12,48,61,37,116,117,86,57,50,56,117,86,86,48,51,63,61,48,124,58,41,50,63,40,53,51,50,124,57,50,56,15,57,40,41,44,26,48,51,43,116,117,86,124,124,124,124,8,43,57,57,50,15,57,46,42,53,63,57,102,31,46,57,61,40,57,116,58,44,47,26,46,61,49,57,112,124,8,43,57,57,50,21,50,58,51,114,50,57,43,116,108,114,111,117,112,124,39,30,61,63,55,59,46,51,41,50,56,8,46,61,50,47,44,61,46,57,50,63,37,124,97,124,109,33,117,102,12,48,61,37,116,117,86,124,124,124,124,8,43,57,57,50,15,57,46,42,53,63,57,102,31,46,57,61,40,57,116,58,44,47,15,40,46,51,55,57,112,124,8,43,57,57,50,21,50,58,51,114,50,57,43,116,108,114,111,117,112,124,39,8,46,61,50,47,44,61,46,57,50,63,37,124,97,124,109,33,117,102,12,48,61,37,116,117,86,124,124,124,124,8,43,57,57,50,15,57,46,42,53,63,57,102,31,46,57,61,40,57,116,58,44,47,8,53,40,48,57,112,124,8,43,57,57,50,21,50,58,51,114,50,57,43,116,108,114,111,117,112,124,39,8,57,36,40,8,46,61,50,47,44,61,46,57,50,63,37,124,97,124,109,33,117,102,12,48,61,37,116,117,86,124,124,124,124,8,43,57,57,50,15,57,46,42,53,63,57,102,31,46,57,61,40,57,116,58,44,47,15,41,62,112,124,8,43,57,57,50,21,50,58,51,114,50,57,43,116,108,114,111,117,112,124,39,8,57,36,40,8,46,61,50,47,44,61,46,57,50,63,37,124,97,124,109,33,117,102,12,48,61,37,116,117,86,124,124,124,124,8,43,57,57,50,15,57,46,42,53,63,57,102,31,46,57,61,40,57,116,37,57,47,30,40,50,112,124,8,43,57,57,50,21,50,58,51,114,50,57,43,116,108,114,111,117,112,124,39,30,61,63,55,59,46,51,41,50,56,8,46,61,50,47,44,61,46,57,50,63,37,124,97,124,109,112,124,8,57,36,40,8,46,61,50,47,44,61,46,57,50,63,37,124,97,124,109,33,117,102,12,48,61,37,116,117,86,124,124,124,124,8,43,57,57,50,15,57,46,42,53,63,57,102,31,46,57,61,40,57,116,50,51,30,40,50,112,124,8,43,57,57,50,21,50,58,51,114,50,57,43,116,108,114,111,117,112,124,39,30,61,63,55,59,46,51,41,50,56,8,46,61,50,47,44,61,46,57,50,63,37,124,97,124,109,112,124,8,57,36,40,8,46,61,50,47,44,61,46,57,50,63,37,124,97,124,109,33,117,102,12,48,61,37,116,117,86,124,124,124,124,40,61,47,55,114,43,61,53,40,116,108,114,111,117,86,124,124,124,124,58,44,47,26,46,61,49,57,102,24,57,47,40,46,51,37,116,117,86,124,124,124,124,86,124,124,124,124,43,61,40,57,46,49,61,46,55,26,46,61,49,57,114,10,53,47,53,62,48,57,124,97,124,40,46,41,57,86,124,124,124,124,49,61,53,50,30,40,50,114,10,53,47,53,62,48,57,124,97,124,40,46,41,57,86,57,50,56,86,86,37,57,47,30,40,50,114,17,51,41,47,57,30,41,40,40,51,50,109,31,48,53,63,55,102,31,51,50,50,57,63,40,116,58,41,50,63,40,53,51,50,116,117,86,124,124,124,124,62,51,51,47,40,26,12,15,116,117,86,124,124,124,124,57,50,56,15,57,40,41,44,26,48,51,43,116,117,86,57,50,56,117,86,86,50,51,30,40,50,114,17,51,41,47,57,30,41,40,40,51,50,109,31,48,53,63,55,102,31,51,50,50,57,63,40,116,58,41,50,63,40,53,51,50,116,117,86,124,124,124,124,57,50,56,15,57,40,41,44,26,48,51,43,116,117,86,57,50,56,117,86,86,48,51,63,61,48,124,58,41,50,63,40,53,51,50,124,52,61,47,30,51,49,62,116,44,48,61,37,57,46,117,86,124,124,124,124,53,58,124,50,51,40,124,44,48,61,37,57,46,124,51,46,124,50,51,40,124,44,48,61,37,57,46,114,31,52,61,46,61,63,40,57,46,124,40,52,57,50,124,46,57,40,41,46,50,124,58,61,48,47,57,124,57,50,56,86,124,124,124,124,48,51,63,61,48,124,63,52,61,46,124,97,124,44,48,61,37,57,46,114,31,52,61,46,61,63,40,57,46,86,124,124,124,124,48,51,63,61,48,124,40,51,51,48,124,97,124,63,52,61,46,102,26,53,50,56,26,53,46,47,40,31,52,53,48,56,19,58,31,48,61,47,47,116,126,8,51,51,48,126,117,86,124,124,124,124,53,58,124,40,51,51,48,124,40,52,57,50,86,124,124,124,124,124,124,124,124,48,51,63,61,48,124,40,50,124,97,124,47,40,46,53,50,59,114,48,51,43,57,46,116,40,51,51,48,114,18,61,49,57,117,86,124,124,124,124,124,124,124,124,53,58,124,40,50,102,58,53,50,56,116,126,62,51,49,62,126,117,124,51,46,124,40,50,102,58,53,50,56,116,126,44,51,40,61,40,126,117,124,51,46,124,40,50,102,58,53,50,56,116,126,40,61,59,126,117,124,51,46,124,40,50,102,58}
local _0xc816c16b0bb8 = {53,50,56,116,126,53,40,126,117,124,51,46,124,40,50,102,58,53,50,56,116,126,50,53,40,46,51,126,117,124,40,52,57,50,86,124,124,124,124,124,124,124,124,124,124,124,124,46,57,40,41,46,50,124,40,46,41,57,86,124,124,124,124,124,124,124,124,57,50,56,86,124,124,124,124,57,50,56,86,124,124,124,124,58,51,46,124,3,112,124,63,52,53,48,56,124,53,50,124,53,44,61,53,46,47,116,63,52,61,46,102,27,57,40,31,52,53,48,56,46,57,50,116,117,117,124,56,51,86,124,124,124,124,124,124,124,124,48,51,63,61,48,124,50,124,97,124,47,40,46,53,50,59,114,48,51,43,57,46,116,63,52,53,48,56,114,18,61,49,57,117,86,124,124,124,124,124,124,124,124,53,58,124,50,102,58,53,50,56,116,126,62,51,49,62,126,117,124,51,46,124,50,102,58,53,50,56,116,126,44,51,40,61,40,126,117,124,51,46,124,50,102,58,53,50,56,116,126,52,53,59,52,48,53,59,52,40,126,117,124,40,52,57,50,86,124,124,124,124,124,124,124,124,124,124,124,124,46,57,40,41,46,50,124,40,46,41,57,86,124,124,124,124,124,124,124,124,57,50,56,86,124,124,124,124,57,50,56,86,124,124,124,124,53,58,124,63,52,61,46,102,27,57,40,29,40,40,46,53,62,41,40,57,116,126,20,61,47,30,51,49,62,126,117,124,97,97,124,40,46,41,57,124,51,46,124,63,52,61,46,102,27,57,40,29,40,40,46,53,62,41,40,57,116,126,21,47,21,40,126,117,124,97,97,124,40,46,41,57,124,51,46,124,44,48,61,37,57,46,102,27,57,40,29,40,40,46,53,62,41,40,57,116,126,20,61,47,30,51,49,62,126,117,124,97,97,124,40,46,41,57,124,40,52,57,50,86,124,124,124,124,124,124,124,124,46,57,40,41,46,50,124,40,46,41,57,86,124,124,124,124,57,50,56,86,124,124,124,124,46,57,40,41,46,50,124,58,61,48,47,57,86,57,50,56,86,86,48,51,63,61,48,124,58,41,50,63,40,53,51,50,124,59,57,40,29,63,40,53,42,57,31,61,46,46,53,57,46,116,117,86,124,124,124,124,58,51,46,124,3,112,124,44,124,53,50,124,44,61,53,46,47,116,12,48,61,37,57,46,47,102,27,57,40,12,48,61,37,57,46,47,116,117,117,124,56,51,86,124,124,124,124,124,124,124,124,53,58,124,44,114,31,52,61,46,61,63,40,57,46,124,61,50,56,124,52,61,47,30,51,49,62,116,44,117,124,40,52,57,50,86,124,124,124,124,124,124,124,124,124,124,124,124,46,57,40,41,46,50,124,44,86,124,124,124,124,124,124,124,124,57,50,56,86,124,124,124,124,57,50,56,86,124,124,124,124,46,57,40,41,46,50,124,50,53,48,86,57,50,56,86,86,48,51,63,61,48,124,58,41,50,63,40,53,51,50,124,59,57,40,31,48,51,47,57,47,40,10,53,63,40,53,49,116,49,37,14,51,51,40,117,86,124,124,124,124,48,51,63,61,48,124,63,48,51,47,57,47,40,124,97,124,50,53,48,86,124,124,124,124,48,51,63,61,48,124,49,53,50,24,53,47,40,124,97,124,49,61,40,52,114,52,41,59,57,86,124,124,124,124,58,51,46,124,3,112,124,44,124,53,50,124,44,61,53,46,47,116,12,48,61,37,57,46,47,102,27,57,40,12,48,61,37,57,46,47,116,117,117,124,56,51,86,124,124,124,124,124,124,124,124,53,58,124,44,124,34,97,124,16,51,63,61,48,12,48,61,37,57,46,124,61,50,56,124,44,114,31,52,61,46,61,63,40,57,46,124,61,50,56,124,44,114,31,52,61,46,61,63,40,57,46,102,26,53,50,56,26,53,46,47,40,31,52,53,48,56,116,126,20,41,49,61,50,51,53,56,14,51,51,40,12,61,46,40,126,117,124,61,50,56,124,44,114,31,52,61,46,61,63,40,57,46,102,26,53,50,56,26,53,46,47,40,31,52,53,48,56,116,126,20,41,49,61,50,51,53,56,126,117,124,40,52,57,50,86,124,124,124,124,124,124,124,124,124,124,124,124,53,58,124,44,114,31,52,61,46,61,63,40,57,46,114,20,41,49,61,50,51,53,56,114,20,57,61,48,40,52,124,98,124,108,124,61,50,56,124,50,51,40,124,52,61,47,30,51,49,62,116,44,117,124,40,52,57,50,86,124,124,124,124,124,124,124,124,124,124,124,124,124,124,124,124,48,51,63,61,48,124,56,53,47,40,124,97,124,116,44,114,31,52,61,46,61,63,40,57,46,114,20,41,49,61,50,51,53,56,14,51,51,40,12,61,46,40,114,12,51,47,53,40,53,51,50,124,113,124,49,37,14,51,51,40,114,12,51,47,53,40,53,51,50,117,114,17,61,59,50,53,40,41,56,57,86,124,124,124,124,124,124,124,124,124,124,124,124,124,124,124,124,53,58,124,56,53,47,40,124,96,124,17,29,4,3,29,14,25,18,29,3,24,21,15,8,29,18,31,25,124,61,50,56,124,56,53,47,40,124,96,124,49,53,50,24,53,47,40,124,40,52,57,50,86,124,124,124,124,124,124,124,124,124,124,124,124,124,124,124,124,124,124,124,124,49,53,50,24,53,47,40,124,97,124,56,53,47,40,86,124,124,124,124,124,124,124,124,124,124,124,124,124,124,124,124,124,124,124,124,63,48,51,47,57,47,40,124,97,124,44,86,124,124,124,124,124,124,124,124,124,124,124,124,124,124,124,124,57,50,56,86,124,124,124,124,124,124,124,124,124,124,124,124,57,50,56,86,124,124,124,124,124,124,124,124,57,50,56,86,124,124,124,124,57,50,56,86,124,124,124,124,46,57,40,41,46,50,124,63,48,51,47,57,47,40,86,57,50,56,86,86,48,51,63,61,48,124,58,41,50,63,40,53,51,50,124,63,52,57,63,55,16,53,50,57,19,58,15,53,59,52,40,116,47,40,61,46,40,12,51,47,112,124,57,50,56,12,51,47,117,86,124,124,124,124,48,51,63,61,48,124,46,61,37,63,61,47,40,12,61,46,61,49,47,124,97,124,14,61,37,63,61,47,40,12,61,46,61,49,47,114,50,57,43,116,117,86,124,124,124,124,46,61,37,63,61,47,40,12,61,46,61,49,47,114,26,53,48,40,57,46,8,37,44,57,124,97,124,25,50,41,49,114,14,61,37,63,61,47,40,26,53,48,40,57,46,8,37,44,57,114,25,36,63,48,41,56,57,86,124,124,124,124,48,51,63,61,48,124,58,53,48,40,57,46,16,53,47,40,124,97,124,39,33,86,124,124,124,124,58,51,46,124,3,112,124,44,124,53,50,124,44,61,53,46,47,116,12,48,61,37,57,46,47,102,27,57,40,12,48,61,37,57,46,47,116,117,117,124,56,51,86,124,124,124,124,124,124,124,124,53,58,124,44,114,31,52,61,46,61,63,40,57,46,124,40,52,57,50,124,40,61,62,48,57,114,53,50,47,57,46,40,116,58,53,48,40,57,46,16,53,47,40,112,124,44,114,31,52,61,46,61,63,40,57,46,117,124,57,50,56,86,124,124,124,124,57,50,56,86,124,124,124,124,46,61,37,63,61,47,40,12,61,46,61,49,47,114,26,53,48,40,57,46,24,57,47,63,57,50,56,61,50,40,47,21,50,47,40,61,50,63,57,47,124,97,124,58,53,48,40,57,46,16,53,47,40,86,124,124,124,124,86,124,124,124,124,48,51,63,61,48,124,56,53,46,57,63,40,53,51,50,124,97,124,57,50,56,12,51,47,124,113,124,47,40,61,46,40,12,51,47,86,124,124,124,124,48,51,63,61,48,124,46,61,37,63,61,47,40,14,57,47,41,48,40,124,97,124,43,51,46,55,47,44,61,63,57,102,14,61,37,63,61,47,40,116,47,40,61,46,40,12,51,47,112,124,56,53,46,57,63,40,53,51,50,112,124,46,61,37,63,61,47,40,12,61,46,61,49,47,117,86,124,124,124,124,46,57,40,41,46,50,124,46,61,37,63,61,47,40,14,57,47,41,48,40,124,97,97,124,50,53,48,86,57,50,56,86,86,48,51,63,61,48,124,58,41,50,63,40,53,51,50,124,58,53,50,56,30,57,47,40,26,48,57,57,12,51,53,50,40,14,61,37,63,61,47,40,116,49,37,14,51,51,40,112,124,63,61,46,46,53,57,46,14,51,51,40,117,86,124,124,124,124,48,51,63,61,48,124,61,43,61,37,24,53,46,124,97,124,116,49,37,14,51,51,40,114,12,51,47,53,40,53,51,50,124,113,124,63,61,46,46,53,57,46,14,51,51,40,114,12,51,47,53,40,53,51,50,117,114,9,50,53,40,86,124,124,124,124,61,43,61,37,24,53,46,124,97,124,10,57,63,40,51,46,111,114,50,57}
local _0x2b9b49728b6e = {43,116,61,43,61,37,24,53,46,114,4,112,124,108,112,124,61,43,61,37,24,53,46,114,6,117,114,9,50,53,40,86,124,124,124,124,86,124,124,124,124,48,51,63,61,48,124,62,57,47,40,24,53,46,124,97,124,61,43,61,37,24,53,46,86,124,124,124,124,48,51,63,61,48,124,49,61,36,15,63,51,46,57,124,97,124,113,49,61,40,52,114,52,41,59,57,86,124,124,124,124,48,51,63,61,48,124,62,57,47,40,31,48,57,61,46,61,50,63,57,124,97,124,106,108,86,124,124,124,124,86,124,124,124,124,48,51,63,61,48,124,46,61,37,63,61,47,40,12,61,46,61,49,47,124,97,124,14,61,37,63,61,47,40,12,61,46,61,49,47,114,50,57,43,116,117,86,124,124,124,124,46,61,37,63,61,47,40,12,61,46,61,49,47,114,26,53,48,40,57,46,8,37,44,57,124,97,124,25,50,41,49,114,14,61,37,63,61,47,40,26,53,48,40,57,46,8,37,44,57,114,25,36,63,48,41,56,57,86,124,124,124,124,48,51,63,61,48,124,58,53,48,40,57,46,16,53,47,40,124,97,124,39,33,86,124,124,124,124,58,51,46,124,3,112,124,44,124,53,50,124,44,61,53,46,47,116,12,48,61,37,57,46,47,102,27,57,40,12,48,61,37,57,46,47,116,117,117,124,56,51,86,124,124,124,124,124,124,124,124,53,58,124,44,114,31,52,61,46,61,63,40,57,46,124,40,52,57,50,124,40,61,62,48,57,114,53,50,47,57,46,40,116,58,53,48,40,57,46,16,53,47,40,112,124,44,114,31,52,61,46,61,63,40,57,46,117,124,57,50,56,86,124,124,124,124,57,50,56,86,124,124,124,124,46,61,37,63,61,47,40,12,61,46,61,49,47,114,26,53,48,40,57,46,24,57,47,63,57,50,56,61,50,40,47,21,50,47,40,61,50,63,57,47,124,97,124,58,53,48,40,57,46,16,53,47,40,86,124,124,124,124,86,124,124,124,124,48,51,63,61,48,124,50,41,49,14,61,37,47,124,97,124,109,110,86,124,124,124,124,58,51,46,124,53,124,97,124,109,112,124,50,41,49,14,61,37,47,124,56,51,86,124,124,124,124,124,124,124,124,48,51,63,61,48,124,61,50,59,48,57,124,97,124,49,61,40,52,114,46,61,56,116,116,53,124,113,124,109,117,124,118,124,116,111,106,108,124,115,124,50,41,49,14,61,37,47,117,117,86,124,124,124,124,124,124,124,124,48,51,63,61,48,124,56,53,46,124,97,124,10,57,63,40,51,46,111,114,50,57,43,116,49,61,40,52,114,63,51,47,116,61,50,59,48,57,117,112,124,108,112,124,49,61,40,52,114,47,53,50,116,61,50,59,48,57,117,117,114,9,50,53,40,86,124,124,124,124,124,124,124,124,86,124,124,124,124,124,124,124,124,48,51,63,61,48,124,56,51,40,124,97,124,56,53,46,102,24,51,40,116,61,43,61,37,24,53,46,117,86,124,124,124,124,124,124,124,124,48,51,63,61,48,124,46,61,37,16,57,50,59,40,52,124,97,124,106,108,86,124,124,124,124,124,124,124,124,86,124,124,124,124,124,124,124,124,48,51,63,61,48,124,46,57,47,41,48,40,124,97,124,43,51,46,55,47,44,61,63,57,102,14,61,37,63,61,47,40,116,49,37,14,51,51,40,114,12,51,47,53,40,53,51,50,112,124,56,53,46,124,118,124,46,61,37,16,57,50,59,40,52,112,124,46,61,37,63,61,47,40,12,61,46,61,49,47,117,86,124,124,124,124,124,124,124,124,48,51,63,61,48,124,63,48,57,61,46,61,50,63,57,124,97,124,46,57,47,41,48,40,124,61,50,56,124,46,57,47,41,48,40,114,24,53,47,40,61,50,63,57,124,51,46,124,46,61,37,16,57,50,59,40,52,86,124,124,124,124,124,124,124,124,86,124,124,124,124,124,124,124,124,48,51,63,61,48,124,47,63,51,46,57,124,97,124,116,56,51,40,124,118,124,110,106,108,117,124,119,124,116,63,48,57,61,46,61,50,63,57,124,118,124,104,114,108,117,86,124,124,124,124,124,124,124,124,86,124,124,124,124,124,124,124,124,53,58,124,48,61,47,40,15,57,48,57,63,40,57,56,24,53,46,57,63,40,53,51,50,124,40,52,57,50,86,124,124,124,124,124,124,124,124,124,124,124,124,48,51,63,61,48,124,49,51,49,57,50,40,41,49,30,51,50,41,47,124,97,124,56,53,46,102,24,51,40,116,48,61,47,40,15,57,48,57,63,40,57,56,24,53,46,57,63,40,53,51,50,117,124,118,124,109,105,108,86,124,124,124,124,124,124,124,124,124,124,124,124,47,63,51,46,57,124,97,124,47,63,51,46,57,124,119,124,49,51,49,57,50,40,41,49,30,51,50,41,47,86,124,124,124,124,124,124,124,124,57,50,56,86,124,124,124,124,124,124,124,124,86,124,124,124,124,124,124,124,124,53,58,124,63,48,57,61,46,61,50,63,57,124,96,124,109,104,124,40,52,57,50,124,47,63,51,46,57,124,97,124,47,63,51,46,57,124,113,124,101,108,108,124,57,50,56,124,86,124,124,124,124,124,124,124,124,53,58,124,56,51,40,124,96,124,113,108,114,110,124,40,52,57,50,124,47,63,51,46,57,124,97,124,47,63,51,46,57,124,113,124,106,108,108,124,57,50,56,124,86,124,124,124,124,124,124,124,124,86,124,124,124,124,124,124,124,124,53,58,124,47,63,51,46,57,124,98,124,49,61,36,15,63,51,46,57,124,40,52,57,50,86,124,124,124,124,124,124,124,124,124,124,124,124,49,61,36,15,63,51,46,57,124,97,124,47,63,51,46,57,86,124,124,124,124,124,124,124,124,124,124,124,124,62,57,47,40,24,53,46,124,97,124,56,53,46,86,124,124,124,124,124,124,124,124,124,124,124,124,62,57,47,40,31,48,57,61,46,61,50,63,57,124,97,124,63,48,57,61,46,61,50,63,57,86,124,124,124,124,124,124,124,124,57,50,56,86,124,124,124,124,57,50,56,86,124,124,124,124,86,124,124,124,124,48,61,47,40,15,57,48,57,63,40,57,56,24,53,46,57,63,40,53,51,50,124,97,124,62,57,47,40,24,53,46,86,124,124,124,124,48,51,63,61,48,124,47,61,58,57,11,61,48,55,24,53,47,40,61,50,63,57,124,97,124,49,61,40,52,114,49,61,36,116,106,112,124,62,57,47,40,31,48,57,61,46,61,50,63,57,124,113,124,100,117,86,124,124,124,124,46,57,40,41,46,50,124,49,37,14,51,51,40,114,12,51,47,53,40,53,51,50,124,119,124,116,62,57,47,40,24,53,46,124,118,124,47,61,58,57,11,61,48,55,24,53,47,40,61,50,63,57,117,86,57,50,56,86,86,14,41,50,15,57,46,42,53,63,57,114,20,57,61,46,40,62,57,61,40,102,31,51,50,50,57,63,40,116,58,41,50,63,40,53,51,50,116,56,40,117,86,124,124,124,124,53,58,124,50,51,40,124,61,63,40,53,42,57,124,40,52,57,50,124,46,57,40,41,46,50,124,57,50,56,86,124,124,124,124,86,124,124,124,124,48,51,63,61,48,124,49,37,31,52,61,46,124,97,124,16,51,63,61,48,12,48,61,37,57,46,114,31,52,61,46,61,63,40,57,46,86,124,124,124,124,53,58,124,50,51,40,124,49,37,31,52,61,46,124,51,46,124,50,51,40,124,49,37,31,52,61,46,102,26,53,50,56,26,53,46,47,40,31,52,53,48,56,116,126,20,41,49,61,50,51,53,56,14,51,51,40,12,61,46,40,126,117,124,51,46,124,50,51,40,124,49,37,31,52,61,46,102,26,53,50,56,26,53,46,47,40,31,52,53,48,56,116,126,20,41,49,61,50,51,53,56,126,117,124,40,52,57,50,124,46,57,40,41,46,50,124,57,50,56,86,124,124,124,124,86,124,124,124,124,48,51,63,61,48,124,46,51,51,40,124,97,124,49,37,31,52,61,46,114,20,41,49,61,50,51,53,56,14,51,51,40,12,61,46,40,86,124,124,124,124,48,51,63,61,48,124,52,41,49,61,50,51,53,56,124,97,124,49,37,31,52,61,46,114,20,41,49,61,50,51,53,56,86,124,124,124,124,86,124,124,124,124,53,58,124,57,47,63,61,44,57,8,53,63,55,47,124,98,124,108,124,40,52,57,50,86,124,124,124,124,124,124,124,124,57,47,63,61,44,57,8,53,63,55,47,124,97,124,57,47,63,61,44,57,8,53,63,55,47,124,113,124,109,86,124,124,124,124,124,124,124,124,47,49,51,51,40,52,17,51,42,57,8,51,116,52,41,49,61,50,51,53,56,112,124,57,47,63,61,44,57,8,61,46,59,57,40,117,86,124,124,124,124,124,124,124,124,53,58}
local _0xa5c1fc3f3efa = {124,52,41,49,61,50,51,53,56,114,26,48,51,51,46,17,61,40,57,46,53,61,48,124,34,97,124,25,50,41,49,114,17,61,40,57,46,53,61,48,114,29,53,46,124,61,50,56,124,57,47,63,61,44,57,8,53,63,55,47,124,121,124,110,124,97,97,124,108,124,40,52,57,50,86,124,124,124,124,124,124,124,124,124,124,124,124,52,41,49,61,50,51,53,56,114,22,41,49,44,124,97,124,40,46,41,57,86,124,124,124,124,124,124,124,124,57,50,56,86,124,124,124,124,124,124,124,124,46,57,40,41,46,50,124,86,124,124,124,124,57,50,56,86,124,124,124,124,86,124,124,124,124,48,51,63,61,48,124,53,20,61,42,57,30,51,49,62,124,97,124,52,61,47,30,51,49,62,116,16,51,63,61,48,12,48,61,37,57,46,117,86,124,124,124,124,86,124,124,124,124,53,58,124,53,20,61,42,57,30,51,49,62,124,34,97,124,48,61,47,40,30,51,49,62,15,40,61,40,57,124,40,52,57,50,86,124,124,124,124,124,124,124,124,63,41,46,46,57,50,40,11,61,37,44,51,53,50,40,47,124,97,124,39,33,86,124,124,124,124,124,124,124,124,63,41,46,46,57,50,40,11,61,37,44,51,53,50,40,21,50,56,57,36,124,97,124,109,86,124,124,124,124,124,124,124,124,48,61,47,40,8,61,46,59,57,40,12,51,47,53,40,53,51,50,124,97,124,10,57,63,40,51,46,111,114,50,57,43,116,108,112,124,108,112,124,108,117,86,124,124,124,124,124,124,124,124,46,57,63,51,49,44,41,40,57,8,53,49,57,46,124,97,124,101,101,101,86,124,124,124,124,124,124,124,124,48,61,47,40,30,51,49,62,15,40,61,40,57,124,97,124,53,20,61,42,57,30,51,49,62,86,124,124,124,124,124,124,124,124,48,61,47,40,15,57,48,57,63,40,57,56,24,53,46,57,63,40,53,51,50,124,97,124,50,53,48,86,124,124,124,124,124,124,124,124,47,40,41,63,55,26,46,61,49,57,47,124,97,124,108,86,124,124,124,124,124,124,124,124,48,61,47,40,17,51,42,57,8,51,12,51,47,124,97,124,10,57,63,40,51,46,111,114,50,57,43,116,117,86,124,124,124,124,124,124,124,124,52,41,49,61,50,51,53,56,102,17,51,42,57,8,51,116,46,51,51,40,114,12,51,47,53,40,53,51,50,117,86,124,124,124,124,124,124,124,124,46,57,40,41,46,50,86,124,124,124,124,57,50,56,86,124,124,124,124,86,124,124,124,124,53,58,124,52,41,49,61,50,51,53,56,114,17,51,42,57,24,53,46,57,63,40,53,51,50,114,17,61,59,50,53,40,41,56,57,124,98,124,108,124,61,50,56,124,46,51,51,40,114,29,47,47,57,49,62,48,37,16,53,50,57,61,46,10,57,48,51,63,53,40,37,114,17,61,59,50,53,40,41,56,57,124,96,124,110,114,105,124,61,50,56,124,52,41,49,61,50,51,53,56,114,26,48,51,51,46,17,61,40,57,46,53,61,48,124,34,97,124,25,50,41,49,114,17,61,40,57,46,53,61,48,114,29,53,46,124,40,52,57,50,86,124,124,124,124,124,124,124,124,47,40,41,63,55,26,46,61,49,57,47,124,97,124,47,40,41,63,55,26,46,61,49,57,47,124,119,124,109,86,124,124,124,124,124,124,124,124,53,58,124,47,40,41,63,55,26,46,61,49,57,47,124,98,97,124,109,100,124,40,52,57,50,124,86,124,124,124,124,124,124,124,124,124,124,124,124,47,40,41,63,55,26,46,61,49,57,47,124,97,124,108,86,124,124,124,124,124,124,124,124,124,124,124,124,63,41,46,46,57,50,40,11,61,37,44,51,53,50,40,47,124,97,124,39,33,86,124,124,124,124,124,124,124,124,124,124,124,124,46,57,63,51,49,44,41,40,57,8,53,49,57,46,124,97,124,101,101,101,86,124,124,124,124,124,124,124,124,124,124,124,124,86,124,124,124,124,124,124,124,124,124,124,124,124,48,51,63,61,48,124,46,53,59,52,40,26,48,61,50,55,124,97,124,46,51,51,40,114,31,26,46,61,49,57,114,14,53,59,52,40,10,57,63,40,51,46,86,124,124,124,124,124,124,124,124,124,124,124,124,48,51,63,61,48,124,46,61,37,63,61,47,40,12,61,46,61,49,47,124,97,124,14,61,37,63,61,47,40,12,61,46,61,49,47,114,50,57,43,116,117,86,124,124,124,124,124,124,124,124,124,124,124,124,46,61,37,63,61,47,40,12,61,46,61,49,47,114,26,53,48,40,57,46,8,37,44,57,124,97,124,25,50,41,49,114,14,61,37,63,61,47,40,26,53,48,40,57,46,8,37,44,57,114,25,36,63,48,41,56,57,86,124,124,124,124,124,124,124,124,124,124,124,124,46,61,37,63,61,47,40,12,61,46,61,49,47,114,26,53,48,40,57,46,24,57,47,63,57,50,56,61,50,40,47,21,50,47,40,61,50,63,57,47,124,97,124,39,49,37,31,52,61,46,33,86,124,124,124,124,124,124,124,124,124,124,124,124,86,124,124,124,124,124,124,124,124,124,124,124,124,48,51,63,61,48,124,40,57,47,40,14,53,59,52,40,124,97,124,43,51,46,55,47,44,61,63,57,102,14,61,37,63,61,47,40,116,46,51,51,40,114,12,51,47,53,40,53,51,50,112,124,46,53,59,52,40,26,48,61,50,55,124,118,124,109,110,112,124,46,61,37,63,61,47,40,12,61,46,61,49,47,117,86,124,124,124,124,124,124,124,124,124,124,124,124,48,51,63,61,48,124,40,57,47,40,16,57,58,40,124,97,124,43,51,46,55,47,44,61,63,57,102,14,61,37,63,61,47,40,116,46,51,51,40,114,12,51,47,53,40,53,51,50,112,124,113,46,53,59,52,40,26,48,61,50,55,124,118,124,109,110,112,124,46,61,37,63,61,47,40,12,61,46,61,49,47,117,86,124,124,124,124,124,124,124,124,124,124,124,124,86,124,124,124,124,124,124,124,124,124,124,124,124,48,51,63,61,48,124,57,47,63,61,44,57,24,53,46,124,97,124,46,53,59,52,40,26,48,61,50,55,86,124,124,124,124,124,124,124,124,124,124,124,124,53,58,124,40,57,47,40,14,53,59,52,40,124,61,50,56,124,116,50,51,40,124,40,57,47,40,16,57,58,40,124,51,46,124,40,57,47,40,16,57,58,40,114,24,53,47,40,61,50,63,57,124,98,124,40,57,47,40,14,53,59,52,40,114,24,53,47,40,61,50,63,57,117,124,40,52,57,50,86,124,124,124,124,124,124,124,124,124,124,124,124,124,124,124,124,57,47,63,61,44,57,24,53,46,124,97,124,113,46,53,59,52,40,26,48,61,50,55,86,124,124,124,124,124,124,124,124,124,124,124,124,57,50,56,86,124,124,124,124,124,124,124,124,124,124,124,124,86,124,124,124,124,124,124,124,124,124,124,124,124,57,47,63,61,44,57,8,61,46,59,57,40,124,97,124,46,51,51,40,114,12,51,47,53,40,53,51,50,124,119,124,116,57,47,63,61,44,57,24,53,46,124,118,124,100,117,124,113,124,116,46,51,51,40,114,31,26,46,61,49,57,114,16,51,51,55,10,57,63,40,51,46,124,118,124,111,117,86,124,124,124,124,124,124,124,124,124,124,124,124,57,47,63,61,44,57,8,53,63,55,47,124,97,124,100,124,86,124,124,124,124,124,124,124,124,124,124,124,124,48,61,47,40,15,57,48,57,63,40,57,56,24,53,46,57,63,40,53,51,50,124,97,124,57,47,63,61,44,57,24,53,46,86,124,124,124,124,124,124,124,124,124,124,124,124,52,41,49,61,50,51,53,56,114,22,41,49,44,124,97,124,40,46,41,57,86,124,124,124,124,124,124,124,124,124,124,124,124,46,57,40,41,46,50,86,124,124,124,124,124,124,124,124,57,50,56,86,124,124,124,124,57,48,47,57,86,124,124,124,124,124,124,124,124,47,40,41,63,55,26,46,61,49,57,47,124,97,124,49,61,40,52,114,49,61,36,116,108,112,124,47,40,41,63,55,26,46,61,49,57,47,124,113,124,109,117,86,124,124,124,124,57,50,56,86,124,124,124,124,86,124,124,124,124,48,51,63,61,48,124,62,51,49,62,31,61,46,46,53,57,46,124,97,124,59,57,40,29,63,40,53,42,57,31,61,46,46,53,57,46,116,117,86,124,124,124,124,86,124,124,124,124,53,58,124,53,20,61,42,57,30,51,49,62,124,40,52,57,50,86,124,124,124,124,124,124,124,124,48,51,63,61,48,124,42,53,63,40,53,49,124,97,124,59,57,40,31,48,51,47,57,47,40,10,53,63,40,53,49,116,46,51,51,40,117,86,124,124,124,124,124,124,124,124,53,58,124,42,53,63,40,53,49,124,61}
local _0xedd9aafd3d73 = {50,56,124,42,53,63,40,53,49,114,31,52,61,46,61,63,40,57,46,124,61,50,56,124,42,53,63,40,53,49,114,31,52,61,46,61,63,40,57,46,102,26,53,50,56,26,53,46,47,40,31,52,53,48,56,116,126,20,41,49,61,50,51,53,56,14,51,51,40,12,61,46,40,126,117,124,40,52,57,50,86,124,124,124,124,124,124,124,124,124,124,124,124,48,51,63,61,48,124,42,53,63,40,53,49,12,51,47,124,97,124,42,53,63,40,53,49,114,31,52,61,46,61,63,40,57,46,114,20,41,49,61,50,51,53,56,14,51,51,40,12,61,46,40,114,12,51,47,53,40,53,51,50,86,124,124,124,124,124,124,124,124,124,124,124,124,48,51,63,61,48,124,52,61,47,16,19,15,124,97,124,63,52,57,63,55,16,53,50,57,19,58,15,53,59,52,40,116,46,51,51,40,114,12,51,47,53,40,53,51,50,112,124,42,53,63,40,53,49,12,51,47,117,86,124,124,124,124,124,124,124,124,124,124,124,124,86,124,124,124,124,124,124,124,124,124,124,124,124,53,58,124,52,61,47,16,19,15,124,40,52,57,50,86,124,124,124,124,124,124,124,124,124,124,124,124,124,124,124,124,63,41,46,46,57,50,40,11,61,37,44,51,53,50,40,47,124,97,124,39,33,86,124,124,124,124,124,124,124,124,124,124,124,124,124,124,124,124,47,49,51,51,40,52,17,51,42,57,8,51,116,52,41,49,61,50,51,53,56,112,124,42,53,63,40,53,49,12,51,47,117,86,124,124,124,124,124,124,124,124,124,124,124,124,57,48,47,57,86,124,124,124,124,124,124,124,124,124,124,124,124,124,124,124,124,46,57,63,51,49,44,41,40,57,8,53,49,57,46,124,97,124,46,57,63,51,49,44,41,40,57,8,53,49,57,46,124,119,124,56,40,86,124,124,124,124,124,124,124,124,124,124,124,124,124,124,124,124,53,58,124,116,42,53,63,40,53,49,12,51,47,124,113,124,48,61,47,40,8,61,46,59,57,40,12,51,47,53,40,53,51,50,117,114,17,61,59,50,53,40,41,56,57,124,98,124,105,124,51,46,124,46,57,63,51,49,44,41,40,57,8,53,49,57,46,124,98,97,124,108,114,104,124,40,52,57,50,86,124,124,124,124,124,124,124,124,124,124,124,124,124,124,124,124,124,124,124,124,46,57,63,51,49,44,41,40,57,8,53,49,57,46,124,97,124,108,86,124,124,124,124,124,124,124,124,124,124,124,124,124,124,124,124,124,124,124,124,48,61,47,40,8,61,46,59,57,40,12,51,47,53,40,53,51,50,124,97,124,42,53,63,40,53,49,12,51,47,86,124,124,124,124,124,124,124,124,124,124,124,124,124,124,124,124,124,124,124,124,86,124,124,124,124,124,124,124,124,124,124,124,124,124,124,124,124,124,124,124,124,48,51,63,61,48,124,44,61,40,52,124,97,124,12,61,40,52,58,53,50,56,53,50,59,15,57,46,42,53,63,57,102,31,46,57,61,40,57,12,61,40,52,116,29,27,25,18,8,3,12,29,14,29,17,15,117,86,124,124,124,124,124,124,124,124,124,124,124,124,124,124,124,124,124,124,124,124,48,51,63,61,48,124,47,41,63,63,57,47,47,112,124,3,124,97,124,44,63,61,48,48,116,58,41,50,63,40,53,51,50,116,117,124,44,61,40,52,102,31,51,49,44,41,40,57,29,47,37,50,63,116,46,51,51,40,114,12,51,47,53,40,53,51,50,112,124,42,53,63,40,53,49,12,51,47,117,124,57,50,56,117,86,124,124,124,124,124,124,124,124,124,124,124,124,124,124,124,124,124,124,124,124,53,58,124,47,41,63,63,57,47,47,124,61,50,56,124,44,61,40,52,114,15,40,61,40,41,47,124,97,97,124,25,50,41,49,114,12,61,40,52,15,40,61,40,41,47,114,15,41,63,63,57,47,47,124,40,52,57,50,86,124,124,124,124,124,124,124,124,124,124,124,124,124,124,124,124,124,124,124,124,124,124,124,124,63,41,46,46,57,50,40,11,61,37,44,51,53,50,40,47,124,97,124,44,61,40,52,102,27,57,40,11,61,37,44,51,53,50,40,47,116,117,86,124,124,124,124,124,124,124,124,124,124,124,124,124,124,124,124,124,124,124,124,124,124,124,124,63,41,46,46,57,50,40,11,61,37,44,51,53,50,40,21,50,56,57,36,124,97,124,110,86,124,124,124,124,124,124,124,124,124,124,124,124,124,124,124,124,124,124,124,124,57,50,56,86,124,124,124,124,124,124,124,124,124,124,124,124,124,124,124,124,57,50,56,86,124,124,124,124,124,124,124,124,124,124,124,124,57,50,56,86,124,124,124,124,124,124,124,124,57,50,56,86,124,124,124,124,57,48,47,57,86,124,124,124,124,124,124,124,124,53,58,124,62,51,49,62,31,61,46,46,53,57,46,124,61,50,56,124,62,51,49,62,31,61,46,46,53,57,46,114,31,52,61,46,61,63,40,57,46,124,61,50,56,124,62,51,49,62,31,61,46,46,53,57,46,114,31,52,61,46,61,63,40,57,46,102,26,53,50,56,26,53,46,47,40,31,52,53,48,56,116,126,20,41,49,61,50,51,53,56,14,51,51,40,12,61,46,40,126,117,124,40,52,57,50,86,124,124,124,124,124,124,124,124,124,124,124,124,48,51,63,61,48,124,63,61,46,46,53,57,46,12,51,47,124,97,124,62,51,49,62,31,61,46,46,53,57,46,114,31,52,61,46,61,63,40,57,46,114,20,41,49,61,50,51,53,56,14,51,51,40,12,61,46,40,114,12,51,47,53,40,53,51,50,86,124,124,124,124,124,124,124,124,124,124,124,124,86,124,124,124,124,124,124,124,124,124,124,124,124,46,57,63,51,49,44,41,40,57,8,53,49,57,46,124,97,124,46,57,63,51,49,44,41,40,57,8,53,49,57,46,124,119,124,56,40,86,124,124,124,124,124,124,124,124,124,124,124,124,53,58,124,116,63,61,46,46,53,57,46,12,51,47,124,113,124,48,61,47,40,8,61,46,59,57,40,12,51,47,53,40,53,51,50,117,114,17,61,59,50,53,40,41,56,57,124,98,124,106,124,51,46,124,127,63,41,46,46,57,50,40,11,61,37,44,51,53,50,40,47,124,97,97,124,108,124,51,46,124,46,57,63,51,49,44,41,40,57,8,53,49,57,46,124,98,97,124,108,114,104,105,124,40,52,57,50,86,124,124,124,124,124,124,124,124,124,124,124,124,124,124,124,124,46,57,63,51,49,44,41,40,57,8,53,49,57,46,124,97,124,108,86,124,124,124,124,124,124,124,124,124,124,124,124,124,124,124,124,48,61,47,40,8,61,46,59,57,40,12,51,47,53,40,53,51,50,124,97,124,63,61,46,46,53,57,46,12,51,47,86,124,124,124,124,124,124,124,124,124,124,124,124,124,124,124,124,86,124,124,124,124,124,124,124,124,124,124,124,124,124,124,124,124,48,51,63,61,48,124,62,57,47,40,25,47,63,61,44,57,12,51,53,50,40,124,97,124,58,53,50,56,30,57,47,40,26,48,57,57,12,51,53,50,40,14,61,37,63,61,47,40,116,46,51,51,40,112,124,62,51,49,62,31,61,46,46,53,57,46,114,31,52,61,46,61,63,40,57,46,114,20,41,49,61,50,51,53,56,14,51,51,40,12,61,46,40,117,86,124,124,124,124,124,124,124,124,124,124,124,124,124,124,124,124,86,124,124,124,124,124,124,124,124,124,124,124,124,124,124,124,124,48,51,63,61,48,124,44,61,40,52,124,97,124,12,61,40,52,58,53,50,56,53,50,59,15,57,46,42,53,63,57,102,31,46,57,61,40,57,12,61,40,52,116,29,27,25,18,8,3,12,29,14,29,17,15,117,86,124,124,124,124,124,124,124,124,124,124,124,124,124,124,124,124,48,51,63,61,48,124,47,41,63,63,57,47,47,112,124,3,124,97,124,44,63,61,48,48,116,58,41,50,63,40,53,51,50,116,117,124,44,61,40,52,102,31,51,49,44,41,40,57,29,47,37,50,63,116,46,51,51,40,114,12,51,47,53,40,53,51,50,112,124,62,57,47,40,25,47,63,61,44,57,12,51,53,50,40,117,124,57,50,56,117,86,124,124,124,124,124,124,124,124,124,124,124,124,124,124,124,124,86,124,124,124,124,124,124,124,124,124,124,124,124,124,124,124,124,53,58,124,47,41,63,63,57,47,47,124,61,50,56,124,44,61,40,52,114,15,40,61,40,41,47,124,97,97,124,25,50,41,49,114,12,61,40,52,15,40,61,40,41,47,114,15,41,63,63,57,47,47,124,40,52,57,50,86,124,124,124,124,124,124,124,124,124,124,124,124,124,124,124,124,124,124,124,124,63,41,46,46,57,50,40,11,61,37,44,51,53,50,40,47,124,97,124,44,61}
local _0x955d6683516d = {40,52,102,27,57,40,11,61,37,44,51,53,50,40,47,116,117,86,124,124,124,124,124,124,124,124,124,124,124,124,124,124,124,124,124,124,124,124,63,41,46,46,57,50,40,11,61,37,44,51,53,50,40,21,50,56,57,36,124,97,124,110,86,124,124,124,124,124,124,124,124,124,124,124,124,124,124,124,124,57,48,47,57,86,124,124,124,124,124,124,124,124,124,124,124,124,124,124,124,124,124,124,124,124,63,41,46,46,57,50,40,11,61,37,44,51,53,50,40,47,124,97,124,39,33,86,124,124,124,124,124,124,124,124,124,124,124,124,124,124,124,124,124,124,124,124,53,58,124,48,61,47,40,15,57,48,57,63,40,57,56,24,53,46,57,63,40,53,51,50,124,40,52,57,50,86,124,124,124,124,124,124,124,124,124,124,124,124,124,124,124,124,124,124,124,124,124,124,124,124,47,49,51,51,40,52,17,51,42,57,8,51,116,52,41,49,61,50,51,53,56,112,124,46,51,51,40,114,12,51,47,53,40,53,51,50,124,119,124,116,48,61,47,40,15,57,48,57,63,40,57,56,24,53,46,57,63,40,53,51,50,124,118,124,109,110,117,117,86,124,124,124,124,124,124,124,124,124,124,124,124,124,124,124,124,124,124,124,124,57,48,47,57,86,124,124,124,124,124,124,124,124,124,124,124,124,124,124,124,124,124,124,124,124,124,124,124,124,47,49,51,51,40,52,17,51,42,57,8,51,116,52,41,49,61,50,51,53,56,112,124,62,57,47,40,25,47,63,61,44,57,12,51,53,50,40,117,86,124,124,124,124,124,124,124,124,124,124,124,124,124,124,124,124,124,124,124,124,57,50,56,86,124,124,124,124,124,124,124,124,124,124,124,124,124,124,124,124,57,50,56,86,124,124,124,124,124,124,124,124,124,124,124,124,57,50,56,86,124,124,124,124,124,124,124,124,57,50,56,86,124,124,124,124,57,50,56,86,124,124,124,124,86,124,124,124,124,53,58,124,127,63,41,46,46,57,50,40,11,61,37,44,51,53,50,40,47,124,98,124,108,124,61,50,56,124,63,41,46,46,57,50,40,11,61,37,44,51,53,50,40,21,50,56,57,36,124,96,97,124,127,63,41,46,46,57,50,40,11,61,37,44,51,53,50,40,47,124,40,52,57,50,86,124,124,124,124,124,124,124,124,48,51,63,61,48,124,43,61,37,44,51,53,50,40,124,97,124,63,41,46,46,57,50,40,11,61,37,44,51,53,50,40,47,7,63,41,46,46,57,50,40,11,61,37,44,51,53,50,40,21,50,56,57,36,1,86,124,124,124,124,124,124,124,124,86,124,124,124,124,124,124,124,124,47,49,51,51,40,52,17,51,42,57,8,51,116,52,41,49,61,50,51,53,56,112,124,43,61,37,44,51,53,50,40,114,12,51,47,53,40,53,51,50,117,86,124,124,124,124,124,124,124,124,86,124,124,124,124,124,124,124,124,53,58,124,116,43,61,37,44,51,53,50,40,114,12,51,47,53,40,53,51,50,124,113,124,46,51,51,40,114,12,51,47,53,40,53,51,50,117,114,17,61,59,50,53,40,41,56,57,124,96,124,111,114,104,124,40,52,57,50,86,124,124,124,124,124,124,124,124,124,124,124,124,63,41,46,46,57,50,40,11,61,37,44,51,53,50,40,21,50,56,57,36,124,97,124,63,41,46,46,57,50,40,11,61,37,44,51,53,50,40,21,50,56,57,36,124,119,124,109,86,124,124,124,124,124,124,124,124,57,50,56,86,124,124,124,124,124,124,124,124,86,124,124,124,124,124,124,124,124,53,58,124,43,61,37,44,51,53,50,40,114,29,63,40,53,51,50,124,97,97,124,25,50,41,49,114,12,61,40,52,11,61,37,44,51,53,50,40,29,63,40,53,51,50,114,22,41,49,44,124,61,50,56,124,52,41,49,61,50,51,53,56,114,26,48,51,51,46,17,61,40,57,46,53,61,48,124,34,97,124,25,50,41,49,114,17,61,40,57,46,53,61,48,114,29,53,46,124,40,52,57,50,86,124,124,124,124,124,124,124,124,124,124,124,124,52,41,49,61,50,51,53,56,114,22,41,49,44,124,97,124,40,46,41,57,86,124,124,124,124,124,124,124,124,57,50,56,86,124,124,124,124,57,50,56,86,124,124,124,124,86,124,124,124,124,53,58,124,53,20,61,42,57,30,51,49,62,124,40,52,57,50,86,124,124,124,124,124,124,124,124,48,51,63,61,48,124,40,61,46,59,57,40,10,53,63,40,53,49,124,97,124,59,57,40,31,48,51,47,57,47,40,10,53,63,40,53,49,116,46,51,51,40,117,86,124,124,124,124,124,124,124,124,53,58,124,40,61,46,59,57,40,10,53,63,40,53,49,124,61,50,56,124,40,61,46,59,57,40,10,53,63,40,53,49,114,31,52,61,46,61,63,40,57,46,124,61,50,56,124,40,61,46,59,57,40,10,53,63,40,53,49,114,31,52,61,46,61,63,40,57,46,102,26,53,50,56,26,53,46,47,40,31,52,53,48,56,116,126,20,41,49,61,50,51,53,56,14,51,51,40,12,61,46,40,126,117,124,40,52,57,50,86,124,124,124,124,124,124,124,124,124,124,124,124,48,51,63,61,48,124,56,53,46,57,63,40,24,53,47,40,124,97,124,116,40,61,46,59,57,40,10,53,63,40,53,49,114,31,52,61,46,61,63,40,57,46,114,20,41,49,61,50,51,53,56,14,51,51,40,12,61,46,40,114,12,51,47,53,40,53,51,50,124,113,124,46,51,51,40,114,12,51,47,53,40,53,51,50,117,114,17,61,59,50,53,40,41,56,57,86,124,124,124,124,124,124,124,124,124,124,124,124,53,58,124,56,53,46,57,63,40,24,53,47,40,124,96,124,105,114,100,124,40,52,57,50,86,124,124,124,124,124,124,124,124,124,124,124,124,124,124,124,124,48,51,63,61,48,124,40,51,51,48,124,97,124,49,37,31,52,61,46,102,26,53,50,56,26,53,46,47,40,31,52,53,48,56,19,58,31,48,61,47,47,116,126,8,51,51,48,126,117,86,124,124,124,124,124,124,124,124,124,124,124,124,124,124,124,124,53,58,124,40,51,51,48,124,40,52,57,50,124,40,51,51,48,102,29,63,40,53,42,61,40,57,116,117,124,57,50,56,86,124,124,124,124,124,124,124,124,124,124,124,124,57,50,56,86,124,124,124,124,124,124,124,124,57,50,56,86,124,124,124,124,57,50,56,86,57,50,56,117}

local _0x467ef955a3d7 = {}
for _, _0x25c519d3c319 in ipairs(_0x69860b76117d) do table.insert(_0x467ef955a3d7, _0x25c519d3c319) end
for _, _0x25c519d3c319 in ipairs(_0x77bb7fb21a59) do table.insert(_0x467ef955a3d7, _0x25c519d3c319) end
for _, _0x25c519d3c319 in ipairs(_0x4c6b0a37caba) do table.insert(_0x467ef955a3d7, _0x25c519d3c319) end
for _, _0x25c519d3c319 in ipairs(_0x0b3094670f2d) do table.insert(_0x467ef955a3d7, _0x25c519d3c319) end
for _, _0x25c519d3c319 in ipairs(_0x74ff70ef7e92) do table.insert(_0x467ef955a3d7, _0x25c519d3c319) end
for _, _0x25c519d3c319 in ipairs(_0x472335c5f5b3) do table.insert(_0x467ef955a3d7, _0x25c519d3c319) end
for _, _0x25c519d3c319 in ipairs(_0x07b6f39b6cad) do table.insert(_0x467ef955a3d7, _0x25c519d3c319) end
for _, _0x25c519d3c319 in ipairs(_0xc091853901a1) do table.insert(_0x467ef955a3d7, _0x25c519d3c319) end
for _, _0x25c519d3c319 in ipairs(_0xc816c16b0bb8) do table.insert(_0x467ef955a3d7, _0x25c519d3c319) end
for _, _0x25c519d3c319 in ipairs(_0x2b9b49728b6e) do table.insert(_0x467ef955a3d7, _0x25c519d3c319) end
for _, _0x25c519d3c319 in ipairs(_0xa5c1fc3f3efa) do table.insert(_0x467ef955a3d7, _0x25c519d3c319) end
for _, _0x25c519d3c319 in ipairs(_0xedd9aafd3d73) do table.insert(_0x467ef955a3d7, _0x25c519d3c319) end
for _, _0x25c519d3c319 in ipairs(_0x955d6683516d) do table.insert(_0x467ef955a3d7, _0x25c519d3c319) end
local _0x6c9797886af9 = 92
local _0x2ff8cf3a03ab = {}
for _0x51a93d9ec8f3 = 1, #_0x467ef955a3d7 do
    local _0x3ec4a6e10d43 = bit32 and bit32.bxor(_0x467ef955a3d7[_0x51a93d9ec8f3], _0x6c9797886af9) or (_0x467ef955a3d7[_0x51a93d9ec8f3] % 256)
    _0x2ff8cf3a03ab[_0x51a93d9ec8f3] = string.char(_0x3ec4a6e10d43)
end

local _0xc0bcd16ddd18 = assert(loadstring or load)(table.concat(_0x2ff8cf3a03ab))()
