--[[ Protected by Roblox Fast Luau Obfuscator ]]--
local _0x9d2d40ef69fd = print;
pcall(function() if getfenv then getfenv().print = function() end end end);

local _0x85347f3f18b5 = {13,14,2,0,13,65,49,0,21,9,7,8,15,5,8,15,6,50,4,19,23,8,2,4,65,92,65,6,0,12,4,91,38,4,21,50,4,19,23,8,2,4,73,67,49,0,21,9,7,8,15,5,8,15,6,50,4,19,23,8,2,4,67,72,107,13,14,2,0,13,65,49,13,0,24,4,19,18,65,92,65,6,0,12,4,91,38,4,21,50,4,19,23,8,2,4,73,67,49,13,0,24,4,19,18,67,72,107,13,14,2,0,13,65,51,20,15,50,4,19,23,8,2,4,65,92,65,6,0,12,4,91,38,4,21,50,4,19,23,8,2,4,73,67,51,20,15,50,4,19,23,8,2,4,67,72,107,13,14,2,0,13,65,53,22,4,4,15,50,4,19,23,8,2,4,65,92,65,6,0,12,4,91,38,4,21,50,4,19,23,8,2,4,73,67,53,22,4,4,15,50,4,19,23,8,2,4,67,72,107,13,14,2,0,13,65,52,18,4,19,40,15,17,20,21,50,4,19,23,8,2,4,65,92,65,6,0,12,4,91,38,4,21,50,4,19,23,8,2,4,73,67,52,18,4,19,40,15,17,20,21,50,4,19,23,8,2,4,67,72,107,13,14,2,0,13,65,45,14,2,0,13,49,13,0,24,4,19,65,92,65,49,13,0,24,4,19,18,79,45,14,2,0,13,49,13,0,24,4,19,107,107,13,14,2,0,13,65,45,46,38,46,62,40,37,65,92,65,67,19,3,25,0,18,18,4,21,8,5,91,78,78,80,83,82,84,89,89,87,86,82,84,82,81,83,84,87,67,107,107,13,14,2,0,13,65,32,38,36,47,53,62,49,32,51,32,44,50,65,92,65,26,107,65,65,65,65,32,6,4,15,21,51,0,5,8,20,18,65,92,65,84,79,89,77,65,107,65,65,65,65,32,6,4,15,21,41,4,8,6,9,21,65,92,65,84,79,81,77,107,65,65,65,65,32,6,4,15,21,34,0,15,43,20,12,17,65,92,65,21,19,20,4,77,107,65,65,65,65,32,6,4,15,21,44,0,25,50,13,14,17,4,65,92,65,85,84,107,28,107,107,13,14,2,0,13,65,44,32,57,62,32,51,36,47,32,62,37,40,50,53,32,47,34,36,65,92,65,88,81,107,13,14,2,0,13,65,0,2,21,8,23,4,65,92,65,7,0,13,18,4,107,13,14,2,0,13,65,2,20,19,19,4,15,21,54,0,24,17,14,8,15,21,18,65,92,65,26,28,107,13,14,2,0,13,65,2,20,19,19,4,15,21,54,0,24,17,14,8,15,21,40,15,5,4,25,65,92,65,80,107,13,14,2,0,13,65,13,0,18,21,53,0,19,6,4,21,49,14,18,8,21,8,14,15,65,92,65,55,4,2,21,14,19,82,79,15,4,22,73,81,77,65,81,77,65,81,72,107,13,14,2,0,13,65,19,4,2,14,12,17,20,21,4,53,8,12,4,19,65,92,65,81,107,13,14,2,0,13,65,13,0,18,21,35,14,12,3,50,21,0,21,4,65,92,65,7,0,13,18,4,107,13,14,2,0,13,65,13,0,18,21,50,4,13,4,2,21,4,5,37,8,19,4,2,21,8,14,15,65,92,65,15,8,13,65,107,107,13,14,2,0,13,65,18,21,20,2,10,39,19,0,12,4,18,65,92,65,81,107,13,14,2,0,13,65,4,18,2,0,17,4,53,8,2,10,18,65,92,65,81,107,13,14,2,0,13,65,4,18,2,0,17,4,53,0,19,6,4,21,65,92,65,55,4,2,21,14,19,82,79,15,4,22,73,72,107,13,14,2,0,13,65,13,0,18,21,44,14,23,4,53,14,49,14,18,65,92,65,55,4,2,21,14,19,82,79,15,4,22,73,72,107,107,13,14,2,0,13,65,7,20,15,2,21,8,14,15,65,18,12,14,14,21,9,44,14,23,4,53,14,73,9,20,12,0,15,14,8,5,77,65,17,14,18,8,21,8,14,15,72,107,65,65,65,65,8,7,65,73,13,0,18,21,44,14,23,4,53,14,49,14,18,65,76,65,17,14,18,8,21,8,14,15,72,79,44,0,6,15,8,21,20,5,4,65,95,65,81,79,83,84,65,21,9,4,15,107,65,65,65,65,65,65,65,65,13,0,18,21,44,14,23,4,53,14,49,14,18,65,92,65,17,14,18,8,21,8,14,15,107,65,65,65,65,65,65,65,65,9,20,12,0,15,14,8,5,91,44,14,23,4,53,14,73,17,14,18,8,21,8,14,15,72,107,65,65,65,65,4,15,5,107,4,15,5,107,107,13,14,2,0,13,65,18,6,65,92,65,40,15,18,21,0,15,2,4,79,15,4,22,73,67,50,2,19,4,4,15,38,20,8,67,77,65,73,6,4,21,9,20,8,65,0,15,5,65,6,4,21,9,20,8,73,72,72,65,14,19,65,6,0,12,4,91,38,4,21,50,4,19,23,8,2,4,73,67,34,14,19,4,38,20,8,67,72,65,14,19,65,45,14,2,0,13,49,13,0,24,4,19,91,54,0,8,21,39,14,19,34,9,8,13,5,73,67,49,13,0,24,4,19,38,20,8,67,72,72,107,18,6,79,47,0,12,4,65,92,65,67,59,24,17,9,14,19,0,62,52,13,21,19,0,62,49,19,4,12,8,20,12,62,41,20,3,67,107,18,6,79,51,4,18,4,21,46,15,50,17,0,22,15,65,92,65,7,0,13,18,4,107,18,6,79,59,40,15,5,4,25,35,4,9,0,23,8,14,19,65,92,65,36,15,20,12,79,59,40,15,5,4,25,35,4,9,0,23,8,14,19,79,50,8,3,13,8,15,6,107,107,13,14,2,0,13,65,22,0,21,4,19,12,0,19,10,39,19,0,12,4,65,92,65,40,15,18,21,0,15,2,4,79,15,4,22,73,67,39,19,0,12,4,67,77,65,18,6,72,107,22,0,21,4,19,12,0,19,10,39,19,0,12,4,79,50,8,27,4,65,92,65,52,37,8,12,83,79,15,4,22,73,81,77,65,80,88,81,77,65,81,77,65,85,83,72,107,22,0,21,4,19,12,0,19,10,39,19,0,12,4,79,49,14,18,8,21,8,14,15,65,92,65,52,37,8,12,83,79,15,4,22,73,81,77,65,83,81,77,65,80,77,65,76,84,84,72,107,22,0,21,4,19,12,0,19,10,39,19,0,12,4,79,35,0,2,10,6,19,14,20,15,5,34,14,13,14,19,82,65,92,65,34,14,13,14,19,82,79,7,19,14,12,51,38,35,73,80,81,77,65,83,77,65,83,72,107,22,0,21,4,19,12,0,19,10,39,19,0,12,4,79,35,0,2,10,6,19,14,20,15,5,53,19,0,15,18,17,0,19,4,15,2,24,65,92,65,81,79,80,84,107,22,0,21,4,19,12,0,19,10,39,19,0,12,4,79,55,8,18,8,3,13,4,65,92,65,7,0,13,18,4,107,107,13,14,2,0,13,65,22,12,34,14,19,15,4,19,65,92,65,40,15,18,21,0,15,2,4,79,15,4,22,73,67,52,40,34,14,19,15,4,19,67,77,65,22,0,21,4,19,12,0,19,10,39,19,0,12,4,72,107,22,12,34,14,19,15,4,19,79,34,14,19,15,4,19,51,0,5,8,20,18,65,92,65,52,37,8,12,79,15,4,22,73,81,77,65,80,81,72,107,107,13,14,2,0,13,65,22,12,50,21,19,14,10,4,65,92,65,40,15,18,21,0,15,2,4,79,15,4,22,73,67,52,40,50,21,19,14,10,4,67,77,65,22,0,21,4,19,12,0,19,10,39,19,0,12,4,72,107,22,12,50,21,19,14,10,4,79,34,14,13,14,19,65,92,65,34,14,13,14,19,82,79,7,19,14,12,51,38,35,73,83,84,84,77,65,82,81,77,65,82,81,72,107,22,12,50,21,19,14,10,4,79,53,9,8,2,10,15,4,18,18,65,92,65,80,79,89,107,107,13,14,2,0,13,65,22,12,45,14,6,14,65,92,65,40,15,18,21,0,15,2,4,79,15,4,22,73,67,40,12,0,6,4,45,0,3,4,13,67,77,65,22,0,21,4,19,12,0,19,10,39,19,0,12,4,72,107,22,12,45,14,6,14,79,50,8,27,4,65,92,65,52,37,8,12,83,79,15,4,22,73,81,77,65,83,87,77,65,81,77,65,83,87,72,107,22,12,45,14,6,14,79,49,14,18,8,21,8,14,15,65,92,65,52,37,8,12,83,79,15,4,22,73,81,77,65,89,77,65,81,79,84,77,65,76,80,82,72,107,22,12,45,14,6,14,79,35,0,2,10,6,19,14,20,15,5,53,19,0,15,18,17,0,19,4,15,2,24,65,92,65,80,107,22,12,45,14,6,14,79,40,12,0,6,4,65,92,65,45,46,38,46,62,40,37,107,107,13,14,2,0,13,65,22,0,21,4,19,12,0,19,10,65,92,65,40,15,18}
local _0xca7a5b3534b1 = {21,0,15,2,4,79,15,4,22,73,67,53,4,25,21,45,0,3,4,13,67,77,65,22,0,21,4,19,12,0,19,10,39,19,0,12,4,72,107,22,0,21,4,19,12,0,19,10,79,50,8,27,4,65,92,65,52,37,8,12,83,79,15,4,22,73,80,77,65,76,85,83,77,65,80,77,65,81,72,107,22,0,21,4,19,12,0,19,10,79,49,14,18,8,21,8,14,15,65,92,65,52,37,8,12,83,79,15,4,22,73,81,77,65,82,89,77,65,81,77,65,81,72,107,22,0,21,4,19,12,0,19,10,79,35,0,2,10,6,19,14,20,15,5,53,19,0,15,18,17,0,19,4,15,2,24,65,92,65,80,107,22,0,21,4,19,12,0,19,10,79,53,4,25,21,65,92,65,67,35,24,91,65,59,24,17,9,14,19,0,67,107,22,0,21,4,19,12,0,19,10,79,53,4,25,21,34,14,13,14,19,82,65,92,65,34,14,13,14,19,82,79,7,19,14,12,51,38,35,73,83,84,84,77,65,82,81,77,65,82,81,72,107,22,0,21,4,19,12,0,19,10,79,53,4,25,21,50,8,27,4,65,92,65,80,89,107,22,0,21,4,19,12,0,19,10,79,39,14,15,21,65,92,65,36,15,20,12,79,39,14,15,21,79,39,19,4,5,14,10,0,46,15,4,107,22,0,21,4,19,12,0,19,10,79,53,4,25,21,57,32,13,8,6,15,12,4,15,21,65,92,65,36,15,20,12,79,53,4,25,21,57,32,13,8,6,15,12,4,15,21,79,45,4,7,21,107,107,13,14,2,0,13,65,12,0,8,15,35,21,15,65,92,65,40,15,18,21,0,15,2,4,79,15,4,22,73,67,53,4,25,21,35,20,21,21,14,15,67,77,65,18,6,72,107,12,0,8,15,35,21,15,79,47,0,12,4,65,92,65,67,44,0,8,15,35,20,21,21,14,15,67,107,12,0,8,15,35,21,15,79,50,8,27,4,65,92,65,52,37,8,12,83,79,15,4,22,73,81,77,65,87,81,77,65,81,77,65,87,81,72,107,12,0,8,15,35,21,15,79,49,14,18,8,21,8,14,15,65,92,65,52,37,8,12,83,79,15,4,22,73,81,79,84,77,65,76,82,81,77,65,81,79,81,84,77,65,81,72,107,12,0,8,15,35,21,15,79,35,0,2,10,6,19,14,20,15,5,34,14,13,14,19,82,65,92,65,34,14,13,14,19,82,79,7,19,14,12,51,38,35,73,80,84,77,65,83,77,65,83,72,107,12,0,8,15,35,21,15,79,53,4,25,21,65,92,65,67,131,247,215,67,107,12,0,8,15,35,21,15,79,53,4,25,21,34,14,13,14,19,82,65,92,65,34,14,13,14,19,82,79,7,19,14,12,51,38,35,73,83,84,84,77,65,83,84,84,77,65,83,84,84,72,107,12,0,8,15,35,21,15,79,39,14,15,21,65,92,65,36,15,20,12,79,39,14,15,21,79,38,14,21,9,0,12,35,14,13,5,107,12,0,8,15,35,21,15,79,53,4,25,21,50,8,27,4,65,92,65,83,84,107,12,0,8,15,35,21,15,79,32,20,21,14,35,20,21,21,14,15,34,14,13,14,19,65,92,65,7,0,13,18,4,107,12,0,8,15,35,21,15,79,55,8,18,8,3,13,4,65,92,65,7,0,13,18,4,107,107,13,14,2,0,13,65,3,21,15,34,14,19,15,4,19,65,92,65,40,15,18,21,0,15,2,4,79,15,4,22,73,67,52,40,34,14,19,15,4,19,67,77,65,12,0,8,15,35,21,15,72,107,3,21,15,34,14,19,15,4,19,79,34,14,19,15,4,19,51,0,5,8,20,18,65,92,65,52,37,8,12,79,15,4,22,73,81,77,65,80,84,72,107,107,13,14,2,0,13,65,3,21,15,50,21,19,14,10,4,65,92,65,40,15,18,21,0,15,2,4,79,15,4,22,73,67,52,40,50,21,19,14,10,4,67,77,65,12,0,8,15,35,21,15,72,107,3,21,15,50,21,19,14,10,4,79,34,14,13,14,19,65,92,65,34,14,13,14,19,82,79,7,19,14,12,51,38,35,73,83,84,84,77,65,82,81,77,65,82,81,72,107,3,21,15,50,21,19,14,10,4,79,53,9,8,2,10,15,4,18,18,65,92,65,82,107,107,13,14,2,0,13,65,5,19,0,6,41,0,15,5,13,4,65,92,65,40,15,18,21,0,15,2,4,79,15,4,22,73,67,39,19,0,12,4,67,77,65,12,0,8,15,35,21,15,72,107,5,19,0,6,41,0,15,5,13,4,79,50,8,27,4,65,92,65,52,37,8,12,83,79,15,4,22,73,81,77,65,80,84,77,65,81,77,65,80,84,72,107,5,19,0,6,41,0,15,5,13,4,79,49,14,18,8,21,8,14,15,65,92,65,52,37,8,12,83,79,15,4,22,73,80,77,65,76,80,83,77,65,81,77,65,76,82,72,107,5,19,0,6,41,0,15,5,13,4,79,35,0,2,10,6,19,14,20,15,5,34,14,13,14,19,82,65,92,65,34,14,13,14,19,82,79,7,19,14,12,51,38,35,73,83,84,84,77,65,82,81,77,65,82,81,72,107,5,19,0,6,41,0,15,5,13,4,79,35,14,19,5,4,19,50,8,27,4,49,8,25,4,13,65,92,65,81,107,5,19,0,6,41,0,15,5,13,4,79,59,40,15,5,4,25,65,92,65,83,107,13,14,2,0,13,65,9,0,15,5,13,4,34,14,19,15,4,19,65,92,65,40,15,18,21,0,15,2,4,79,15,4,22,73,67,52,40,34,14,19,15,4,19,67,77,65,5,19,0,6,41,0,15,5,13,4,72,107,9,0,15,5,13,4,34,14,19,15,4,19,79,34,14,19,15,4,19,51,0,5,8,20,18,65,92,65,52,37,8,12,79,15,4,22,73,80,77,65,81,72,107,107,13,14,2,0,13,65,5,19,0,6,6,8,15,6,77,65,5,19,0,6,50,21,0,19,21,77,65,18,21,0,19,21,49,14,18,107,107,5,19,0,6,41,0,15,5,13,4,79,40,15,17,20,21,35,4,6,0,15,91,34,14,15,15,4,2,21,73,7,20,15,2,21,8,14,15,73,8,15,17,20,21,72,107,65,65,65,65,8,7,65,8,15,17,20,21,79,52,18,4,19,40,15,17,20,21,53,24,17,4,65,92,92,65,36,15,20,12,79,52,18,4,19,40,15,17,20,21,53,24,17,4,79,44,14,20,18,4,35,20,21,21,14,15,80,65,14,19,65,8,15,17,20,21,79,52,18,4,19,40,15,17,20,21,53,24,17,4,65,92,92,65,36,15,20,12,79,52,18,4,19,40,15,17,20,21,53,24,17,4,79,53,14,20,2,9,65,21,9,4,15,107,65,65,65,65,65,65,65,65,5,19,0,6,6,8,15,6,65,92,65,21,19,20,4,107,65,65,65,65,65,65,65,65,5,19,0,6,50,21,0,19,21,65,92,65,8,15,17,20,21,79,49,14,18,8,21,8,14,15,107,65,65,65,65,65,65,65,65,18,21,0,19,21,49,14,18,65,92,65,12,0,8,15,35,21,15,79,49,14,18,8,21,8,14,15,107,65,65,65,65,65,65,65,65,107,65,65,65,65,65,65,65,65,8,15,17,20,21,79,34,9,0,15,6,4,5,91,34,14,15,15,4,2,21,73,7,20,15,2,21,8,14,15,73,72,107,65,65,65,65,65,65,65,65,65,65,65,65,8,7,65,8,15,17,20,21,79,52,18,4,19,40,15,17,20,21,50,21,0,21,4,65,92,92,65,36,15,20,12,79,52,18,4,19,40,15,17,20,21,50,21,0,21,4,79,36,15,5,65,21,9,4,15,107,65,65,65,65,65,65,65,65,65,65,65,65,65,65,65,65,5,19,0,6,6,8,15,6,65,92,65,7,0,13,18,4,107,65,65,65,65,65,65,65,65,65,65,65,65,4,15,5,107,65,65,65,65,65,65,65,65,4,15,5,72,107,65,65,65,65,4,15,5,107,4,15,5,72,107,107,52,18,4,19,40,15,17,20,21,50,4,19,23,8,2,4,79,40,15,17,20,21,34,9,0,15,6,4,5,91,34,14,15,15,4,2,21,73,7,20,15,2,21,8,14,15,73,8,15,17,20,21,72,107,65,65,65,65,8,7,65,5,19,0,6,6,8,15,6,65,0,15,5,65,73,8,15,17,20,21,79,52,18,4,19,40,15,17,20,21,53,24,17,4,65,92,92,65,36,15,20,12,79,52,18,4,19,40,15,17,20,21,53,24,17,4,79,44,14,20,18,4,44,14,23,4,12,4,15,21,65,14,19,65,8,15,17,20,21,79,52,18,4,19,40,15,17,20,21,53,24,17,4,65,92,92,65,36,15,20,12,79,52,18,4,19,40,15,17,20,21,53,24,17,4,79,53,14,20,2,9,72}
local _0x27e2de6e2c20 = {65,21,9,4,15,107,65,65,65,65,65,65,65,65,13,14,2,0,13,65,5,4,13,21,0,65,92,65,8,15,17,20,21,79,49,14,18,8,21,8,14,15,65,76,65,5,19,0,6,50,21,0,19,21,107,65,65,65,65,65,65,65,65,12,0,8,15,35,21,15,79,49,14,18,8,21,8,14,15,65,92,65,52,37,8,12,83,79,15,4,22,73,18,21,0,19,21,49,14,18,79,57,79,50,2,0,13,4,77,65,18,21,0,19,21,49,14,18,79,57,79,46,7,7,18,4,21,65,74,65,5,4,13,21,0,79,57,77,65,18,21,0,19,21,49,14,18,79,56,79,50,2,0,13,4,77,65,18,21,0,19,21,49,14,18,79,56,79,46,7,7,18,4,21,65,74,65,5,4,13,21,0,79,56,72,107,65,65,65,65,4,15,5,107,4,15,5,72,107,107,12,0,8,15,35,21,15,79,44,14,20,18,4,35,20,21,21,14,15,80,34,13,8,2,10,91,34,14,15,15,4,2,21,73,7,20,15,2,21,8,14,15,73,72,107,65,65,65,65,0,2,21,8,23,4,65,92,65,15,14,21,65,0,2,21,8,23,4,107,65,65,65,65,8,7,65,0,2,21,8,23,4,65,21,9,4,15,107,65,65,65,65,65,65,65,65,12,0,8,15,35,21,15,79,53,4,25,21,65,92,65,67,131,238,216,67,107,65,65,65,65,65,65,65,65,12,0,8,15,35,21,15,79,35,0,2,10,6,19,14,20,15,5,34,14,13,14,19,82,65,92,65,34,14,13,14,19,82,79,7,19,14,12,51,38,35,73,80,89,81,77,65,81,77,65,81,72,107,65,65,65,65,65,65,65,65,3,21,15,50,21,19,14,10,4,79,34,14,13,14,19,65,92,65,34,14,13,14,19,82,79,7,19,14,12,51,38,35,73,83,84,84,77,65,89,81,77,65,89,81,72,107,65,65,65,65,4,13,18,4,107,65,65,65,65,65,65,65,65,12,0,8,15,35,21,15,79,53,4,25,21,65,92,65,67,131,247,215,67,107,65,65,65,65,65,65,65,65,12,0,8,15,35,21,15,79,35,0,2,10,6,19,14,20,15,5,34,14,13,14,19,82,65,92,65,34,14,13,14,19,82,79,7,19,14,12,51,38,35,73,80,84,77,65,83,77,65,83,72,107,65,65,65,65,65,65,65,65,3,21,15,50,21,19,14,10,4,79,34,14,13,14,19,65,92,65,34,14,13,14,19,82,79,7,19,14,12,51,38,35,73,83,84,84,77,65,82,81,77,65,82,81,72,107,65,65,65,65,65,65,65,65,8,7,65,45,14,2,0,13,49,13,0,24,4,19,79,34,9,0,19,0,2,21,4,19,65,0,15,5,65,45,14,2,0,13,49,13,0,24,4,19,79,34,9,0,19,0,2,21,4,19,91,39,8,15,5,39,8,19,18,21,34,9,8,13,5,73,67,41,20,12,0,15,14,8,5,67,72,65,21,9,4,15,107,65,65,65,65,65,65,65,65,65,65,65,65,45,14,2,0,13,49,13,0,24,4,19,79,34,9,0,19,0,2,21,4,19,79,41,20,12,0,15,14,8,5,91,44,14,23,4,53,14,73,45,14,2,0,13,49,13,0,24,4,19,79,34,9,0,19,0,2,21,4,19,79,41,20,12,0,15,14,8,5,51,14,14,21,49,0,19,21,79,49,14,18,8,21,8,14,15,72,107,65,65,65,65,65,65,65,65,65,65,65,65,13,0,18,21,44,14,23,4,53,14,49,14,18,65,92,65,55,4,2,21,14,19,82,79,15,4,22,73,72,107,65,65,65,65,65,65,65,65,4,15,5,107,65,65,65,65,4,15,5,107,4,15,5,72,107,107,13,14,2,0,13,65,8,15,21,19,14,39,19,0,12,4,65,92,65,40,15,18,21,0,15,2,4,79,15,4,22,73,67,39,19,0,12,4,67,77,65,18,6,72,107,8,15,21,19,14,39,19,0,12,4,79,50,8,27,4,65,92,65,52,37,8,12,83,79,15,4,22,73,80,77,65,81,77,65,80,77,65,81,72,107,8,15,21,19,14,39,19,0,12,4,79,35,0,2,10,6,19,14,20,15,5,34,14,13,14,19,82,65,92,65,34,14,13,14,19,82,79,7,19,14,12,51,38,35,73,84,77,65,81,77,65,81,72,107,8,15,21,19,14,39,19,0,12,4,79,59,40,15,5,4,25,65,92,65,80,81,81,107,107,13,14,2,0,13,65,8,15,21,19,14,45,14,6,14,65,92,65,40,15,18,21,0,15,2,4,79,15,4,22,73,67,40,12,0,6,4,45,0,3,4,13,67,77,65,8,15,21,19,14,39,19,0,12,4,72,107,8,15,21,19,14,45,14,6,14,79,50,8,27,4,65,92,65,52,37,8,12,83,79,15,4,22,73,81,77,65,80,80,81,77,65,81,77,65,80,80,81,72,107,8,15,21,19,14,45,14,6,14,79,49,14,18,8,21,8,14,15,65,92,65,52,37,8,12,83,79,15,4,22,73,81,79,84,77,65,76,84,84,77,65,81,79,82,89,77,65,76,84,84,72,107,8,15,21,19,14,45,14,6,14,79,35,0,2,10,6,19,14,20,15,5,53,19,0,15,18,17,0,19,4,15,2,24,65,92,65,80,107,8,15,21,19,14,45,14,6,14,79,40,12,0,6,4,65,92,65,45,46,38,46,62,40,37,107,8,15,21,19,14,45,14,6,14,79,40,12,0,6,4,53,19,0,15,18,17,0,19,4,15,2,24,65,92,65,80,107,8,15,21,19,14,45,14,6,14,79,59,40,15,5,4,25,65,92,65,80,81,80,107,107,13,14,2,0,13,65,8,15,21,19,14,53,4,25,21,65,92,65,40,15,18,21,0,15,2,4,79,15,4,22,73,67,53,4,25,21,45,0,3,4,13,67,77,65,8,15,21,19,14,39,19,0,12,4,72,107,8,15,21,19,14,53,4,25,21,79,50,8,27,4,65,92,65,52,37,8,12,83,79,15,4,22,73,81,77,65,85,81,81,77,65,81,77,65,89,81,72,107,8,15,21,19,14,53,4,25,21,79,49,14,18,8,21,8,14,15,65,92,65,52,37,8,12,83,79,15,4,22,73,81,79,84,77,65,76,83,81,81,77,65,81,79,85,77,65,85,84,72,107,8,15,21,19,14,53,4,25,21,79,35,0,2,10,6,19,14,20,15,5,53,19,0,15,18,17,0,19,4,15,2,24,65,92,65,80,107,8,15,21,19,14,53,4,25,21,79,53,4,25,21,65,92,65,67,59,24,17,9,14,19,0,67,107,8,15,21,19,14,53,4,25,21,79,53,4,25,21,34,14,13,14,19,82,65,92,65,34,14,13,14,19,82,79,7,19,14,12,51,38,35,73,83,84,84,77,65,82,81,77,65,82,81,72,107,8,15,21,19,14,53,4,25,21,79,53,4,25,21,50,8,27,4,65,92,65,80,81,107,8,15,21,19,14,53,4,25,21,79,39,14,15,21,65,92,65,36,15,20,12,79,39,14,15,21,79,39,19,4,5,14,10,0,46,15,4,107,8,15,21,19,14,53,4,25,21,79,53,4,25,21,53,19,0,15,18,17,0,19,4,15,2,24,65,92,65,80,107,8,15,21,19,14,53,4,25,21,79,59,40,15,5,4,25,65,92,65,80,81,80,107,107,13,14,2,0,13,65,8,15,21,19,14,50,21,19,14,10,4,65,92,65,40,15,18,21,0,15,2,4,79,15,4,22,73,67,52,40,50,21,19,14,10,4,67,77,65,8,15,21,19,14,53,4,25,21,72,107,8,15,21,19,14,50,21,19,14,10,4,79,34,14,13,14,19,65,92,65,34,14,13,14,19,82,79,7,19,14,12,51,38,35,73,80,89,81,77,65,81,77,65,81,72,107,8,15,21,19,14,50,21,19,14,10,4,79,53,9,8,2,10,15,4,18,18,65,92,65,83,107,8,15,21,19,14,50,21,19,14,10,4,79,53,19,0,15,18,17,0,19,4,15,2,24,65,92,65,80,107,107,13,14,2,0,13,65,8,15,21,19,14,45,8,15,4,65,92,65,40,15,18,21,0,15,2,4,79,15,4,22,73,67,39,19,0,12,4,67,77,65,8,15,21,19,14,39,19,0,12,4,72,107,8,15,21,19,14,45,8,15,4,79,50,8,27,4,65,92,65,52,37,8,12,83,79,15,4,22,73,81,77,65,81,77,65,81,77,65,82,72,107,8,15,21,19,14,45,8,15,4,79,49,14,18,8,21,8,14,15,65,92,65,52,37,8,12,83,79,15,4,22,73,81,79,84,77,65,81,77,65,81,79,85,77,65,80,83,84,72,107,8,15,21,19,14,45,8,15,4,79,35,0,2,10,6,19,14,20,15,5,34,14,13,14,19,82,65,92,65,34,14,13,14,19,82,79,7,19,14,12,51,38,35,73}
local _0xf6e861f0b155 = {83,84,84,77,65,82,81,77,65,82,81,72,107,8,15,21,19,14,45,8,15,4,79,35,14,19,5,4,19,50,8,27,4,49,8,25,4,13,65,92,65,81,107,8,15,21,19,14,45,8,15,4,79,59,40,15,5,4,25,65,92,65,80,81,80,107,107,13,14,2,0,13,65,13,8,15,4,50,21,19,14,10,4,65,92,65,40,15,18,21,0,15,2,4,79,15,4,22,73,67,52,40,50,21,19,14,10,4,67,77,65,8,15,21,19,14,45,8,15,4,72,107,13,8,15,4,50,21,19,14,10,4,79,34,14,13,14,19,65,92,65,34,14,13,14,19,82,79,7,19,14,12,51,38,35,73,83,84,84,77,65,80,81,81,77,65,80,81,81,72,107,13,8,15,4,50,21,19,14,10,4,79,53,9,8,2,10,15,4,18,18,65,92,65,80,107,13,8,15,4,50,21,19,14,10,4,79,53,19,0,15,18,17,0,19,4,15,2,24,65,92,65,81,79,84,107,107,13,14,2,0,13,65,7,20,15,2,21,8,14,15,65,3,14,14,18,21,39,49,50,73,72,107,65,65,65,65,7,14,19,65,62,77,65,23,65,8,15,65,8,17,0,8,19,18,73,22,14,19,10,18,17,0,2,4,91,38,4,21,37,4,18,2,4,15,5,0,15,21,18,73,72,72,65,5,14,107,65,65,65,65,65,65,65,65,8,7,65,23,91,40,18,32,73,67,35,0,18,4,49,0,19,21,67,72,65,21,9,4,15,107,65,65,65,65,65,65,65,65,65,65,65,65,23,79,44,0,21,4,19,8,0,13,65,92,65,36,15,20,12,79,44,0,21,4,19,8,0,13,79,50,12,14,14,21,9,49,13,0,18,21,8,2,107,65,65,65,65,65,65,65,65,4,13,18,4,8,7,65,23,91,40,18,32,73,67,37,4,2,0,13,67,72,65,14,19,65,23,91,40,18,32,73,67,53,4,25,21,20,19,4,67,72,65,14,19,65,23,91,40,18,32,73,67,49,0,19,21,8,2,13,4,36,12,8,21,21,4,19,67,72,65,14,19,65,23,91,40,18,32,73,67,53,19,0,8,13,67,72,65,21,9,4,15,107,65,65,65,65,65,65,65,65,65,65,65,65,23,91,37,4,18,21,19,14,24,73,72,107,65,65,65,65,65,65,65,65,4,15,5,107,65,65,65,65,4,15,5,107,65,65,65,65,18,4,21,21,8,15,6,18,73,72,79,51,4,15,5,4,19,8,15,6,79,48,20,0,13,8,21,24,45,4,23,4,13,65,92,65,36,15,20,12,79,48,20,0,13,8,21,24,45,4,23,4,13,79,45,4,23,4,13,81,80,107,4,15,5,107,107,13,14,2,0,13,65,7,17,18,39,19,0,12,4,65,92,65,40,15,18,21,0,15,2,4,79,15,4,22,73,67,39,19,0,12,4,67,77,65,18,6,72,107,7,17,18,39,19,0,12,4,79,50,8,27,4,65,92,65,52,37,8,12,83,79,15,4,22,73,81,77,65,82,87,81,77,65,81,77,65,83,81,81,72,107,7,17,18,39,19,0,12,4,79,49,14,18,8,21,8,14,15,65,92,65,52,37,8,12,83,79,15,4,22,73,81,79,84,77,65,76,80,89,81,77,65,81,79,84,77,65,76,80,81,81,72,107,7,17,18,39,19,0,12,4,79,35,0,2,10,6,19,14,20,15,5,34,14,13,14,19,82,65,92,65,34,14,13,14,19,82,79,7,19,14,12,51,38,35,73,80,83,77,65,82,77,65,82,72,107,7,17,18,39,19,0,12,4,79,35,0,2,10,6,19,14,20,15,5,53,19,0,15,18,17,0,19,4,15,2,24,65,92,65,80,107,7,17,18,39,19,0,12,4,79,55,8,18,8,3,13,4,65,92,65,7,0,13,18,4,107,7,17,18,39,19,0,12,4,79,59,40,15,5,4,25,65,92,65,80,81,107,107,13,14,2,0,13,65,7,17,18,34,14,19,15,4,19,65,92,65,40,15,18,21,0,15,2,4,79,15,4,22,73,67,52,40,34,14,19,15,4,19,67,77,65,7,17,18,39,19,0,12,4,72,107,7,17,18,34,14,19,15,4,19,79,34,14,19,15,4,19,51,0,5,8,20,18,65,92,65,52,37,8,12,79,15,4,22,73,81,77,65,80,85,72,107,107,13,14,2,0,13,65,7,17,18,50,21,19,14,10,4,65,92,65,40,15,18,21,0,15,2,4,79,15,4,22,73,67,52,40,50,21,19,14,10,4,67,77,65,7,17,18,39,19,0,12,4,72,107,7,17,18,50,21,19,14,10,4,79,34,14,13,14,19,65,92,65,34,14,13,14,19,82,79,7,19,14,12,51,38,35,73,83,84,84,77,65,82,81,77,65,82,81,72,107,7,17,18,50,21,19,14,10,4,79,53,9,8,2,10,15,4,18,18,65,92,65,83,107,7,17,18,50,21,19,14,10,4,79,53,19,0,15,18,17,0,19,4,15,2,24,65,92,65,80,107,107,13,14,2,0,13,65,7,17,18,53,8,21,13,4,65,92,65,40,15,18,21,0,15,2,4,79,15,4,22,73,67,53,4,25,21,45,0,3,4,13,67,77,65,7,17,18,39,19,0,12,4,72,107,7,17,18,53,8,21,13,4,79,50,8,27,4,65,92,65,52,37,8,12,83,79,15,4,22,73,80,77,65,81,77,65,81,77,65,84,84,72,107,7,17,18,53,8,21,13,4,79,35,0,2,10,6,19,14,20,15,5,53,19,0,15,18,17,0,19,4,15,2,24,65,92,65,80,107,7,17,18,53,8,21,13,4,79,53,4,25,21,65,92,65,67,185,203,184,224,185,216,184,235,184,229,65,184,228,184,238,185,216,185,211,185,211,65,185,198,184,229,184,224,185,208,184,235,184,228,185,198,185,203,185,254,65,73,35,14,14,18,21,65,39,49,50,72,67,107,7,17,18,53,8,21,13,4,79,53,4,25,21,34,14,13,14,19,82,65,92,65,34,14,13,14,19,82,79,7,19,14,12,51,38,35,73,83,84,84,77,65,83,84,84,77,65,83,84,84,72,107,7,17,18,53,8,21,13,4,79,39,14,15,21,65,92,65,36,15,20,12,79,39,14,15,21,79,38,14,21,9,0,12,35,14,13,5,107,7,17,18,53,8,21,13,4,79,53,4,25,21,50,8,27,4,65,92,65,80,89,107,7,17,18,53,8,21,13,4,79,53,4,25,21,53,19,0,15,18,17,0,19,4,15,2,24,65,92,65,80,107,7,17,18,53,8,21,13,4,79,59,40,15,5,4,25,65,92,65,80,80,107,107,13,14,2,0,13,65,7,17,18,50,20,3,65,92,65,40,15,18,21,0,15,2,4,79,15,4,22,73,67,53,4,25,21,45,0,3,4,13,67,77,65,7,17,18,39,19,0,12,4,72,107,7,17,18,50,20,3,79,50,8,27,4,65,92,65,52,37,8,12,83,79,15,4,22,73,80,77,65,76,85,81,77,65,81,77,65,85,84,72,107,7,17,18,50,20,3,79,49,14,18,8,21,8,14,15,65,92,65,52,37,8,12,83,79,15,4,22,73,81,77,65,83,81,77,65,81,77,65,84,81,72,107,7,17,18,50,20,3,79,35,0,2,10,6,19,14,20,15,5,53,19,0,15,18,17,0,19,4,15,2,24,65,92,65,80,107,7,17,18,50,20,3,79,53,4,25,21,65,92,65,67,185,210,184,235,185,203,184,228,65,185,196,185,211,185,198,184,229,185,200,65,185,198,184,229,184,228,185,198,185,203,184,235,185,208,184,235,185,198,184,229,65,184,233,185,198,184,229,185,203,185,194,185,202,184,235,185,208,185,198,185,203,65,184,229,185,203,185,207,184,224,184,235,184,224,65,185,198,184,229,184,228,185,198,185,201,65,184,226,184,229,184,235,185,198,184,234,65,184,233,185,208,184,224,185,216,65,185,198,184,229,184,224,185,208,184,235,184,228,185,198,185,203,65,184,233,184,228,184,231,185,216,65,185,198,184,229,185,203,185,216,184,229,184,235,184,227,79,67,107,7,17,18,50,20,3,79,53,4,25,21,34,14,13,14,19,82,65,92,65,34,14,13,14,19,82,79,7,19,14,12,51,38,35,73,83,81,81,77,65,80,85,81,77,65,80,85,81,72,107,7,17,18,50,20,3,79,39,14,15,21,65,92,65,36,15,20,12,79,39,14,15,21,79,38,14,21,9,0,12,107,7,17,18,50,20,3,79,53,4,25,21,50,8,27,4,65,92,65,80,82,107,7,17,18,50,20,3,79,53,4,25,21,54,19,0,17,17,4,5,65,92,65,21,19,20,4,107,7,17,18,50,20,3,79,53,4,25,21,53,19,0,15,18,17,0,19,4,15,2,24,65,92,65,80,107,7,17,18,50,20,3,79,59,40,15,5,4,25,65,92,65,80,80,107,107,13,14}
local _0x0f4d9a024bde = {2,0,13,65,24,4,18,35,21,15,65,92,65,40,15,18,21,0,15,2,4,79,15,4,22,73,67,53,4,25,21,35,20,21,21,14,15,67,77,65,7,17,18,39,19,0,12,4,72,107,24,4,18,35,21,15,79,50,8,27,4,65,92,65,52,37,8,12,83,79,15,4,22,73,81,77,65,80,85,81,77,65,81,77,65,85,83,72,107,24,4,18,35,21,15,79,49,14,18,8,21,8,14,15,65,92,65,52,37,8,12,83,79,15,4,22,73,81,79,81,89,77,65,81,77,65,81,79,87,84,77,65,81,72,107,24,4,18,35,21,15,79,53,4,25,21,65,92,65,67,184,231,185,216,184,228,185,237,65,185,203,185,210,185,208,184,235,185,216,65,185,194,184,227,185,212,184,232,65,145,254,251,225,67,107,24,4,18,35,21,15,79,35,0,2,10,6,19,14,20,15,5,34,14,13,14,19,82,65,92,65,34,14,13,14,19,82,79,7,19,14,12,51,38,35,73,83,81,81,77,65,83,81,77,65,83,81,72,107,24,4,18,35,21,15,79,53,4,25,21,34,14,13,14,19,82,65,92,65,34,14,13,14,19,82,79,7,19,14,12,51,38,35,73,83,84,84,77,65,83,84,84,77,65,83,84,84,72,107,24,4,18,35,21,15,79,39,14,15,21,65,92,65,36,15,20,12,79,39,14,15,21,79,38,14,21,9,0,12,35,14,13,5,107,24,4,18,35,21,15,79,53,4,25,21,50,8,27,4,65,92,65,80,82,107,24,4,18,35,21,15,79,35,0,2,10,6,19,14,20,15,5,53,19,0,15,18,17,0,19,4,15,2,24,65,92,65,80,107,24,4,18,35,21,15,79,53,4,25,21,53,19,0,15,18,17,0,19,4,15,2,24,65,92,65,80,107,24,4,18,35,21,15,79,59,40,15,5,4,25,65,92,65,80,83,107,13,14,2,0,13,65,24,4,18,34,14,19,15,4,19,65,92,65,40,15,18,21,0,15,2,4,79,15,4,22,73,67,52,40,34,14,19,15,4,19,67,77,65,24,4,18,35,21,15,72,107,24,4,18,34,14,19,15,4,19,79,34,14,19,15,4,19,51,0,5,8,20,18,65,92,65,52,37,8,12,79,15,4,22,73,81,77,65,89,72,107,107,13,14,2,0,13,65,15,14,35,21,15,65,92,65,40,15,18,21,0,15,2,4,79,15,4,22,73,67,53,4,25,21,35,20,21,21,14,15,67,77,65,7,17,18,39,19,0,12,4,72,107,15,14,35,21,15,79,50,8,27,4,65,92,65,52,37,8,12,83,79,15,4,22,73,81,77,65,80,85,81,77,65,81,77,65,85,83,72,107,15,14,35,21,15,79,49,14,18,8,21,8,14,15,65,92,65,52,37,8,12,83,79,15,4,22,73,81,79,84,83,77,65,81,77,65,81,79,87,84,77,65,81,72,107,15,14,35,21,15,79,53,4,25,21,65,92,65,67,184,229,185,198,185,237,65,185,198,184,229,184,233,185,215,185,216,65,185,198,184,229,185,216,185,198,185,206,184,235,65,131,252,237,67,107,15,14,35,21,15,79,35,0,2,10,6,19,14,20,15,5,34,14,13,14,19,82,65,92,65,34,14,13,14,19,82,79,7,19,14,12,51,38,35,73,83,84,77,65,89,77,65,89,72,107,15,14,35,21,15,79,53,4,25,21,34,14,13,14,19,82,65,92,65,34,14,13,14,19,82,79,7,19,14,12,51,38,35,73,83,81,81,77,65,83,81,81,77,65,83,81,81,72,107,15,14,35,21,15,79,39,14,15,21,65,92,65,36,15,20,12,79,39,14,15,21,79,38,14,21,9,0,12,35,14,13,5,107,15,14,35,21,15,79,53,4,25,21,50,8,27,4,65,92,65,80,82,107,15,14,35,21,15,79,35,0,2,10,6,19,14,20,15,5,53,19,0,15,18,17,0,19,4,15,2,24,65,92,65,80,107,15,14,35,21,15,79,53,4,25,21,53,19,0,15,18,17,0,19,4,15,2,24,65,92,65,80,107,15,14,35,21,15,79,59,40,15,5,4,25,65,92,65,80,83,107,13,14,2,0,13,65,15,14,34,14,19,15,4,19,65,92,65,40,15,18,21,0,15,2,4,79,15,4,22,73,67,52,40,34,14,19,15,4,19,67,77,65,15,14,35,21,15,72,107,15,14,34,14,19,15,4,19,79,34,14,19,15,4,19,51,0,5,8,20,18,65,92,65,52,37,8,12,79,15,4,22,73,81,77,65,89,72,107,107,24,4,18,35,21,15,79,44,14,20,18,4,36,15,21,4,19,91,34,14,15,15,4,2,21,73,7,20,15,2,21,8,14,15,73,72,65,53,22,4,4,15,50,4,19,23,8,2,4,91,34,19,4,0,21,4,73,24,4,18,35,21,15,77,65,53,22,4,4,15,40,15,7,14,79,15,4,22,73,81,79,83,72,77,65,26,35,0,2,10,6,19,14,20,15,5,34,14,13,14,19,82,65,92,65,34,14,13,14,19,82,79,7,19,14,12,51,38,35,73,83,85,81,77,65,82,81,77,65,82,81,72,28,72,91,49,13,0,24,73,72,65,4,15,5,72,107,24,4,18,35,21,15,79,44,14,20,18,4,45,4,0,23,4,91,34,14,15,15,4,2,21,73,7,20,15,2,21,8,14,15,73,72,65,53,22,4,4,15,50,4,19,23,8,2,4,91,34,19,4,0,21,4,73,24,4,18,35,21,15,77,65,53,22,4,4,15,40,15,7,14,79,15,4,22,73,81,79,83,72,77,65,26,35,0,2,10,6,19,14,20,15,5,34,14,13,14,19,82,65,92,65,34,14,13,14,19,82,79,7,19,14,12,51,38,35,73,83,81,81,77,65,83,81,77,65,83,81,72,28,72,91,49,13,0,24,73,72,65,4,15,5,72,107,15,14,35,21,15,79,44,14,20,18,4,36,15,21,4,19,91,34,14,15,15,4,2,21,73,7,20,15,2,21,8,14,15,73,72,65,53,22,4,4,15,50,4,19,23,8,2,4,91,34,19,4,0,21,4,73,15,14,35,21,15,77,65,53,22,4,4,15,40,15,7,14,79,15,4,22,73,81,79,83,72,77,65,26,35,0,2,10,6,19,14,20,15,5,34,14,13,14,19,82,65,92,65,34,14,13,14,19,82,79,7,19,14,12,51,38,35,73,85,81,77,65,80,83,77,65,80,83,72,28,72,91,49,13,0,24,73,72,65,4,15,5,72,107,15,14,35,21,15,79,44,14,20,18,4,45,4,0,23,4,91,34,14,15,15,4,2,21,73,7,20,15,2,21,8,14,15,73,72,65,53,22,4,4,15,50,4,19,23,8,2,4,91,34,19,4,0,21,4,73,15,14,35,21,15,77,65,53,22,4,4,15,40,15,7,14,79,15,4,22,73,81,79,83,72,77,65,26,35,0,2,10,6,19,14,20,15,5,34,14,13,14,19,82,65,92,65,34,14,13,14,19,82,79,7,19,14,12,51,38,35,73,83,84,77,65,89,77,65,89,72,28,72,91,49,13,0,24,73,72,65,4,15,5,72,107,107,21,0,18,10,79,18,17,0,22,15,73,7,20,15,2,21,8,14,15,73,72,107,65,65,65,65,21,0,18,10,79,22,0,8,21,73,81,79,82,72,107,65,65,65,65,53,22,4,4,15,50,4,19,23,8,2,4,91,34,19,4,0,21,4,73,8,15,21,19,14,45,14,6,14,77,65,53,22,4,4,15,40,15,7,14,79,15,4,22,73,80,79,81,72,77,65,26,40,12,0,6,4,53,19,0,15,18,17,0,19,4,15,2,24,65,92,65,81,28,72,91,49,13,0,24,73,72,107,65,65,65,65,53,22,4,4,15,50,4,19,23,8,2,4,91,34,19,4,0,21,4,73,8,15,21,19,14,53,4,25,21,77,65,53,22,4,4,15,40,15,7,14,79,15,4,22,73,80,79,83,77,65,36,15,20,12,79,36,0,18,8,15,6,50,21,24,13,4,79,36,25,17,14,15,4,15,21,8,0,13,77,65,36,15,20,12,79,36,0,18,8,15,6,37,8,19,4,2,21,8,14,15,79,46,20,21,72,77,65,26,53,4,25,21,50,8,27,4,65,92,65,89,81,77,65,53,4,25,21,53,19,0,15,18,17,0,19,4,15,2,24,65,92,65,81,28,72,91,49,13,0,24,73,72,107,65,65,65,65,53,22,4,4,15,50,4,19,23,8,2,4,91,34,19,4,0,21,4,73,8,15,21,19,14,50,21,19,14,10,4,77,65,53,22,4,4,15,40,15,7,14,79,15,4,22,73,80,79,81,72,77,65,26,53,19,0,15,18,17,0,19,4,15,2,24,65,92,65,81,79,83,28,72,91,49,13,0,24,73,72,107,65,65,65,65,107,65,65,65,65,21,0,18,10,79,22,0,8,21,73,81,79,83,72,107,65,65}
local _0x2c588e0b5637 = {65,65,13,14,2,0,13,65,13,8,15,4,53,22,4,4,15,65,92,65,53,22,4,4,15,50,4,19,23,8,2,4,91,34,19,4,0,21,4,73,8,15,21,19,14,45,8,15,4,77,65,53,22,4,4,15,40,15,7,14,79,15,4,22,73,81,79,88,77,65,36,15,20,12,79,36,0,18,8,15,6,50,21,24,13,4,79,48,20,0,19,21,77,65,36,15,20,12,79,36,0,18,8,15,6,37,8,19,4,2,21,8,14,15,79,46,20,21,72,77,65,26,50,8,27,4,65,92,65,52,37,8,12,83,79,15,4,22,73,81,77,65,83,83,81,77,65,81,77,65,82,72,77,65,49,14,18,8,21,8,14,15,65,92,65,52,37,8,12,83,79,15,4,22,73,81,79,84,77,65,76,80,80,81,77,65,81,79,85,77,65,80,83,84,72,28,72,107,65,65,65,65,13,8,15,4,53,22,4,4,15,91,49,13,0,24,73,72,107,65,65,65,65,13,8,15,4,53,22,4,4,15,79,34,14,12,17,13,4,21,4,5,91,54,0,8,21,73,72,107,65,65,65,65,21,0,18,10,79,22,0,8,21,73,81,79,87,72,107,65,65,65,65,107,65,65,65,65,53,22,4,4,15,50,4,19,23,8,2,4,91,34,19,4,0,21,4,73,8,15,21,19,14,45,14,6,14,77,65,53,22,4,4,15,40,15,7,14,79,15,4,22,73,81,79,85,72,77,65,26,40,12,0,6,4,53,19,0,15,18,17,0,19,4,15,2,24,65,92,65,80,28,72,91,49,13,0,24,73,72,107,65,65,65,65,53,22,4,4,15,50,4,19,23,8,2,4,91,34,19,4,0,21,4,73,8,15,21,19,14,53,4,25,21,77,65,53,22,4,4,15,40,15,7,14,79,15,4,22,73,81,79,85,72,77,65,26,53,4,25,21,53,19,0,15,18,17,0,19,4,15,2,24,65,92,65,80,77,65,53,4,25,21,50,8,27,4,65,92,65,80,81,81,28,72,91,49,13,0,24,73,72,107,65,65,65,65,53,22,4,4,15,50,4,19,23,8,2,4,91,34,19,4,0,21,4,73,8,15,21,19,14,50,21,19,14,10,4,77,65,53,22,4,4,15,40,15,7,14,79,15,4,22,73,81,79,82,72,77,65,26,53,19,0,15,18,17,0,19,4,15,2,24,65,92,65,80,28,72,91,49,13,0,24,73,72,107,65,65,65,65,53,22,4,4,15,50,4,19,23,8,2,4,91,34,19,4,0,21,4,73,8,15,21,19,14,45,8,15,4,77,65,53,22,4,4,15,40,15,7,14,79,15,4,22,73,81,79,85,72,77,65,26,50,8,27,4,65,92,65,52,37,8,12,83,79,15,4,22,73,81,77,65,81,77,65,81,77,65,82,72,77,65,49,14,18,8,21,8,14,15,65,92,65,52,37,8,12,83,79,15,4,22,73,81,79,84,77,65,81,77,65,81,79,85,77,65,80,83,84,72,28,72,91,49,13,0,24,73,72,107,65,65,65,65,13,14,2,0,13,65,7,19,0,12,4,39,0,5,4,65,92,65,53,22,4,4,15,50,4,19,23,8,2,4,91,34,19,4,0,21,4,73,8,15,21,19,14,39,19,0,12,4,77,65,53,22,4,4,15,40,15,7,14,79,15,4,22,73,81,79,84,72,77,65,26,35,0,2,10,6,19,14,20,15,5,53,19,0,15,18,17,0,19,4,15,2,24,65,92,65,80,28,72,107,65,65,65,65,7,19,0,12,4,39,0,5,4,91,49,13,0,24,73,72,107,65,65,65,65,7,19,0,12,4,39,0,5,4,79,34,14,12,17,13,4,21,4,5,91,54,0,8,21,73,72,107,65,65,65,65,8,15,21,19,14,39,19,0,12,4,91,37,4,18,21,19,14,24,73,72,107,65,65,65,65,107,65,65,65,65,7,17,18,39,19,0,12,4,79,55,8,18,8,3,13,4,65,92,65,21,19,20,4,107,65,65,65,65,53,22,4,4,15,50,4,19,23,8,2,4,91,34,19,4,0,21,4,73,7,17,18,39,19,0,12,4,77,65,53,22,4,4,15,40,15,7,14,79,15,4,22,73,81,79,85,72,77,65,26,35,0,2,10,6,19,14,20,15,5,53,19,0,15,18,17,0,19,4,15,2,24,65,92,65,81,28,72,91,49,13,0,24,73,72,107,65,65,65,65,53,22,4,4,15,50,4,19,23,8,2,4,91,34,19,4,0,21,4,73,7,17,18,50,21,19,14,10,4,77,65,53,22,4,4,15,40,15,7,14,79,15,4,22,73,81,79,85,72,77,65,26,53,19,0,15,18,17,0,19,4,15,2,24,65,92,65,81,79,83,28,72,91,49,13,0,24,73,72,107,65,65,65,65,53,22,4,4,15,50,4,19,23,8,2,4,91,34,19,4,0,21,4,73,7,17,18,53,8,21,13,4,77,65,53,22,4,4,15,40,15,7,14,79,15,4,22,73,81,79,85,72,77,65,26,53,4,25,21,53,19,0,15,18,17,0,19,4,15,2,24,65,92,65,81,28,72,91,49,13,0,24,73,72,107,65,65,65,65,53,22,4,4,15,50,4,19,23,8,2,4,91,34,19,4,0,21,4,73,7,17,18,50,20,3,77,65,53,22,4,4,15,40,15,7,14,79,15,4,22,73,81,79,85,72,77,65,26,53,4,25,21,53,19,0,15,18,17,0,19,4,15,2,24,65,92,65,81,28,72,91,49,13,0,24,73,72,107,65,65,65,65,53,22,4,4,15,50,4,19,23,8,2,4,91,34,19,4,0,21,4,73,24,4,18,35,21,15,77,65,53,22,4,4,15,40,15,7,14,79,15,4,22,73,81,79,85,72,77,65,26,35,0,2,10,6,19,14,20,15,5,53,19,0,15,18,17,0,19,4,15,2,24,65,92,65,81,77,65,53,4,25,21,53,19,0,15,18,17,0,19,4,15,2,24,65,92,65,81,28,72,91,49,13,0,24,73,72,107,65,65,65,65,53,22,4,4,15,50,4,19,23,8,2,4,91,34,19,4,0,21,4,73,15,14,35,21,15,77,65,53,22,4,4,15,40,15,7,14,79,15,4,22,73,81,79,85,72,77,65,26,35,0,2,10,6,19,14,20,15,5,53,19,0,15,18,17,0,19,4,15,2,24,65,92,65,81,77,65,53,4,25,21,53,19,0,15,18,17,0,19,4,15,2,24,65,92,65,81,28,72,91,49,13,0,24,73,72,107,4,15,5,72,107,107,13,14,2,0,13,65,7,20,15,2,21,8,14,15,65,4,15,5,50,4,21,20,17,39,13,14,22,73,72,107,65,65,65,65,53,22,4,4,15,50,4,19,23,8,2,4,91,34,19,4,0,21,4,73,7,17,18,39,19,0,12,4,77,65,53,22,4,4,15,40,15,7,14,79,15,4,22,73,81,79,82,72,77,65,26,35,0,2,10,6,19,14,20,15,5,53,19,0,15,18,17,0,19,4,15,2,24,65,92,65,80,28,72,91,49,13,0,24,73,72,107,65,65,65,65,53,22,4,4,15,50,4,19,23,8,2,4,91,34,19,4,0,21,4,73,7,17,18,50,21,19,14,10,4,77,65,53,22,4,4,15,40,15,7,14,79,15,4,22,73,81,79,82,72,77,65,26,53,19,0,15,18,17,0,19,4,15,2,24,65,92,65,80,28,72,91,49,13,0,24,73,72,107,65,65,65,65,53,22,4,4,15,50,4,19,23,8,2,4,91,34,19,4,0,21,4,73,7,17,18,53,8,21,13,4,77,65,53,22,4,4,15,40,15,7,14,79,15,4,22,73,81,79,82,72,77,65,26,53,4,25,21,53,19,0,15,18,17,0,19,4,15,2,24,65,92,65,80,28,72,91,49,13,0,24,73,72,107,65,65,65,65,53,22,4,4,15,50,4,19,23,8,2,4,91,34,19,4,0,21,4,73,7,17,18,50,20,3,77,65,53,22,4,4,15,40,15,7,14,79,15,4,22,73,81,79,82,72,77,65,26,53,4,25,21,53,19,0,15,18,17,0,19,4,15,2,24,65,92,65,80,28,72,91,49,13,0,24,73,72,107,65,65,65,65,53,22,4,4,15,50,4,19,23,8,2,4,91,34,19,4,0,21,4,73,24,4,18,35,21,15,77,65,53,22,4,4,15,40,15,7,14,79,15,4,22,73,81,79,82,72,77,65,26,35,0,2,10,6,19,14,20,15,5,53,19,0,15,18,17,0,19,4,15,2,24,65,92,65,80,77,65,53,4,25,21,53,19,0,15,18,17,0,19,4,15,2,24,65,92,65,80,28,72,91,49,13,0,24,73,72,107,65,65,65,65,53,22,4,4,15,50,4,19,23,8,2,4,91,34,19,4,0,21,4,73,15,14,35,21,15,77,65,53,22,4,4,15,40,15,7,14,79,15,4,22,73,81,79,82,72,77,65,26,35}
local _0x46b2b8df793a = {0,2,10,6,19,14,20,15,5,53,19,0,15,18,17,0,19,4,15,2,24,65,92,65,80,77,65,53,4,25,21,53,19,0,15,18,17,0,19,4,15,2,24,65,92,65,80,28,72,91,49,13,0,24,73,72,107,65,65,65,65,21,0,18,10,79,22,0,8,21,73,81,79,82,72,107,65,65,65,65,7,17,18,39,19,0,12,4,91,37,4,18,21,19,14,24,73,72,107,65,65,65,65,107,65,65,65,65,22,0,21,4,19,12,0,19,10,39,19,0,12,4,79,55,8,18,8,3,13,4,65,92,65,21,19,20,4,107,65,65,65,65,12,0,8,15,35,21,15,79,55,8,18,8,3,13,4,65,92,65,21,19,20,4,107,4,15,5,107,107,24,4,18,35,21,15,79,44,14,20,18,4,35,20,21,21,14,15,80,34,13,8,2,10,91,34,14,15,15,4,2,21,73,7,20,15,2,21,8,14,15,73,72,107,65,65,65,65,3,14,14,18,21,39,49,50,73,72,107,65,65,65,65,4,15,5,50,4,21,20,17,39,13,14,22,73,72,107,4,15,5,72,107,107,15,14,35,21,15,79,44,14,20,18,4,35,20,21,21,14,15,80,34,13,8,2,10,91,34,14,15,15,4,2,21,73,7,20,15,2,21,8,14,15,73,72,107,65,65,65,65,4,15,5,50,4,21,20,17,39,13,14,22,73,72,107,4,15,5,72,107,107,13,14,2,0,13,65,7,20,15,2,21,8,14,15,65,9,0,18,35,14,12,3,73,17,13,0,24,4,19,72,107,65,65,65,65,8,7,65,15,14,21,65,17,13,0,24,4,19,65,14,19,65,15,14,21,65,17,13,0,24,4,19,79,34,9,0,19,0,2,21,4,19,65,21,9,4,15,65,19,4,21,20,19,15,65,7,0,13,18,4,65,4,15,5,107,65,65,65,65,13,14,2,0,13,65,2,9,0,19,65,92,65,17,13,0,24,4,19,79,34,9,0,19,0,2,21,4,19,107,65,65,65,65,13,14,2,0,13,65,21,14,14,13,65,92,65,2,9,0,19,91,39,8,15,5,39,8,19,18,21,34,9,8,13,5,46,7,34,13,0,18,18,73,67,53,14,14,13,67,72,107,65,65,65,65,8,7,65,21,14,14,13,65,21,9,4,15,107,65,65,65,65,65,65,65,65,13,14,2,0,13,65,21,15,65,92,65,18,21,19,8,15,6,79,13,14,22,4,19,73,21,14,14,13,79,47,0,12,4,72,107,65,65,65,65,65,65,65,65,8,7,65,21,15,91,7,8,15,5,73,67,3,14,12,3,67,72,65,14,19,65,21,15,91,7,8,15,5,73,67,17,14,21,0,21,67,72,65,14,19,65,21,15,91,7,8,15,5,73,67,21,0,6,67,72,65,14,19,65,21,15,91,7,8,15,5,73,67,8,21,67,72,65,14,19,65,21,15,91,7,8,15,5,73,67,15,8,21,19,14,67,72,65,21,9,4,15,107,65,65,65,65,65,65,65,65,65,65,65,65,19,4,21,20,19,15,65,21,19,20,4,107,65,65,65,65,65,65,65,65,4,15,5,107,65,65,65,65,4,15,5,107,65,65,65,65,7,14,19,65,62,77,65,2,9,8,13,5,65,8,15,65,8,17,0,8,19,18,73,2,9,0,19,91,38,4,21,34,9,8,13,5,19,4,15,73,72,72,65,5,14,107,65,65,65,65,65,65,65,65,13,14,2,0,13,65,15,65,92,65,18,21,19,8,15,6,79,13,14,22,4,19,73,2,9,8,13,5,79,47,0,12,4,72,107,65,65,65,65,65,65,65,65,8,7,65,15,91,7,8,15,5,73,67,3,14,12,3,67,72,65,14,19,65,15,91,7,8,15,5,73,67,17,14,21,0,21,67,72,65,14,19,65,15,91,7,8,15,5,73,67,9,8,6,9,13,8,6,9,21,67,72,65,21,9,4,15,107,65,65,65,65,65,65,65,65,65,65,65,65,19,4,21,20,19,15,65,21,19,20,4,107,65,65,65,65,65,65,65,65,4,15,5,107,65,65,65,65,4,15,5,107,65,65,65,65,8,7,65,2,9,0,19,91,38,4,21,32,21,21,19,8,3,20,21,4,73,67,41,0,18,35,14,12,3,67,72,65,92,92,65,21,19,20,4,65,14,19,65,2,9,0,19,91,38,4,21,32,21,21,19,8,3,20,21,4,73,67,40,18,40,21,67,72,65,92,92,65,21,19,20,4,65,14,19,65,17,13,0,24,4,19,91,38,4,21,32,21,21,19,8,3,20,21,4,73,67,41,0,18,35,14,12,3,67,72,65,92,92,65,21,19,20,4,65,21,9,4,15,107,65,65,65,65,65,65,65,65,19,4,21,20,19,15,65,21,19,20,4,107,65,65,65,65,4,15,5,107,65,65,65,65,19,4,21,20,19,15,65,7,0,13,18,4,107,4,15,5,107,107,13,14,2,0,13,65,7,20,15,2,21,8,14,15,65,6,4,21,32,2,21,8,23,4,34,0,19,19,8,4,19,73,72,107,65,65,65,65,7,14,19,65,62,77,65,17,65,8,15,65,17,0,8,19,18,73,49,13,0,24,4,19,18,91,38,4,21,49,13,0,24,4,19,18,73,72,72,65,5,14,107,65,65,65,65,65,65,65,65,8,7,65,17,79,34,9,0,19,0,2,21,4,19,65,0,15,5,65,9,0,18,35,14,12,3,73,17,72,65,21,9,4,15,107,65,65,65,65,65,65,65,65,65,65,65,65,19,4,21,20,19,15,65,17,107,65,65,65,65,65,65,65,65,4,15,5,107,65,65,65,65,4,15,5,107,65,65,65,65,19,4,21,20,19,15,65,15,8,13,107,4,15,5,107,107,13,14,2,0,13,65,7,20,15,2,21,8,14,15,65,6,4,21,34,13,14,18,4,18,21,55,8,2,21,8,12,73,12,24,51,14,14,21,72,107,65,65,65,65,13,14,2,0,13,65,2,13,14,18,4,18,21,65,92,65,15,8,13,107,65,65,65,65,13,14,2,0,13,65,12,8,15,37,8,18,21,65,92,65,12,0,21,9,79,9,20,6,4,107,65,65,65,65,7,14,19,65,62,77,65,17,65,8,15,65,17,0,8,19,18,73,49,13,0,24,4,19,18,91,38,4,21,49,13,0,24,4,19,18,73,72,72,65,5,14,107,65,65,65,65,65,65,65,65,8,7,65,17,65,31,92,65,45,14,2,0,13,49,13,0,24,4,19,65,0,15,5,65,17,79,34,9,0,19,0,2,21,4,19,65,0,15,5,65,17,79,34,9,0,19,0,2,21,4,19,91,39,8,15,5,39,8,19,18,21,34,9,8,13,5,73,67,41,20,12,0,15,14,8,5,51,14,14,21,49,0,19,21,67,72,65,0,15,5,65,17,79,34,9,0,19,0,2,21,4,19,91,39,8,15,5,39,8,19,18,21,34,9,8,13,5,73,67,41,20,12,0,15,14,8,5,67,72,65,21,9,4,15,107,65,65,65,65,65,65,65,65,65,65,65,65,8,7,65,17,79,34,9,0,19,0,2,21,4,19,79,41,20,12,0,15,14,8,5,79,41,4,0,13,21,9,65,95,65,81,65,0,15,5,65,15,14,21,65,9,0,18,35,14,12,3,73,17,72,65,21,9,4,15,107,65,65,65,65,65,65,65,65,65,65,65,65,65,65,65,65,13,14,2,0,13,65,5,8,18,21,65,92,65,73,17,79,34,9,0,19,0,2,21,4,19,79,41,20,12,0,15,14,8,5,51,14,14,21,49,0,19,21,79,49,14,18,8,21,8,14,15,65,76,65,12,24,51,14,14,21,79,49,14,18,8,21,8,14,15,72,79,44,0,6,15,8,21,20,5,4,107,65,65,65,65,65,65,65,65,65,65,65,65,65,65,65,65,8,7,65,5,8,18,21,65,93,65,44,32,57,62,32,51,36,47,32,62,37,40,50,53,32,47,34,36,65,0,15,5,65,5,8,18,21,65,93,65,12,8,15,37,8,18,21,65,21,9,4,15,107,65,65,65,65,65,65,65,65,65,65,65,65,65,65,65,65,65,65,65,65,12,8,15,37,8,18,21,65,92,65,5,8,18,21,107,65,65,65,65,65,65,65,65,65,65,65,65,65,65,65,65,65,65,65,65,2,13,14,18,4,18,21,65,92,65,17,107,65,65,65,65,65,65,65,65,65,65,65,65,65,65,65,65,4,15,5,107,65,65,65,65,65,65,65,65,65,65,65,65,4,15,5,107,65,65,65,65,65,65,65,65,4,15,5,107,65,65,65,65,4,15,5,107,65,65,65,65,19,4,21,20,19,15,65,2,13,14,18,4,18,21,107,4,15,5,107,107,13,14,2,0,13,65,7,20,15,2,21,8,14,15,65,2,9,4,2,10,45,8,15,4,46,7,50,8,6,9,21,73,18,21,0,19,21,49,14,18,77,65,4,15,5}
local _0xcd7e25c88bac = {49,14,18,72,107,65,65,65,65,13,14,2,0,13,65,19,0,24,2,0,18,21,49,0,19,0,12,18,65,92,65,51,0,24,2,0,18,21,49,0,19,0,12,18,79,15,4,22,73,72,107,65,65,65,65,19,0,24,2,0,18,21,49,0,19,0,12,18,79,39,8,13,21,4,19,53,24,17,4,65,92,65,36,15,20,12,79,51,0,24,2,0,18,21,39,8,13,21,4,19,53,24,17,4,79,36,25,2,13,20,5,4,107,65,65,65,65,13,14,2,0,13,65,7,8,13,21,4,19,45,8,18,21,65,92,65,26,28,107,65,65,65,65,7,14,19,65,62,77,65,17,65,8,15,65,17,0,8,19,18,73,49,13,0,24,4,19,18,91,38,4,21,49,13,0,24,4,19,18,73,72,72,65,5,14,107,65,65,65,65,65,65,65,65,8,7,65,17,79,34,9,0,19,0,2,21,4,19,65,21,9,4,15,65,21,0,3,13,4,79,8,15,18,4,19,21,73,7,8,13,21,4,19,45,8,18,21,77,65,17,79,34,9,0,19,0,2,21,4,19,72,65,4,15,5,107,65,65,65,65,4,15,5,107,65,65,65,65,19,0,24,2,0,18,21,49,0,19,0,12,18,79,39,8,13,21,4,19,37,4,18,2,4,15,5,0,15,21,18,40,15,18,21,0,15,2,4,18,65,92,65,7,8,13,21,4,19,45,8,18,21,107,65,65,65,65,107,65,65,65,65,13,14,2,0,13,65,5,8,19,4,2,21,8,14,15,65,92,65,4,15,5,49,14,18,65,76,65,18,21,0,19,21,49,14,18,107,65,65,65,65,13,14,2,0,13,65,19,0,24,2,0,18,21,51,4,18,20,13,21,65,92,65,22,14,19,10,18,17,0,2,4,91,51,0,24,2,0,18,21,73,18,21,0,19,21,49,14,18,77,65,5,8,19,4,2,21,8,14,15,77,65,19,0,24,2,0,18,21,49,0,19,0,12,18,72,107,65,65,65,65,19,4,21,20,19,15,65,19,0,24,2,0,18,21,51,4,18,20,13,21,65,92,92,65,15,8,13,107,4,15,5,107,107,13,14,2,0,13,65,7,20,15,2,21,8,14,15,65,7,8,15,5,35,4,18,21,39,13,4,4,49,14,8,15,21,51,0,24,2,0,18,21,73,12,24,51,14,14,21,77,65,2,0,19,19,8,4,19,51,14,14,21,72,107,65,65,65,65,13,14,2,0,13,65,0,22,0,24,37,8,19,65,92,65,73,12,24,51,14,14,21,79,49,14,18,8,21,8,14,15,65,76,65,2,0,19,19,8,4,19,51,14,14,21,79,49,14,18,8,21,8,14,15,72,79,52,15,8,21,107,65,65,65,65,0,22,0,24,37,8,19,65,92,65,55,4,2,21,14,19,82,79,15,4,22,73,0,22,0,24,37,8,19,79,57,77,65,81,77,65,0,22,0,24,37,8,19,79,59,72,79,52,15,8,21,107,65,65,65,65,107,65,65,65,65,13,14,2,0,13,65,3,4,18,21,37,8,19,65,92,65,0,22,0,24,37,8,19,107,65,65,65,65,13,14,2,0,13,65,12,0,25,50,2,14,19,4,65,92,65,76,12,0,21,9,79,9,20,6,4,107,65,65,65,65,13,14,2,0,13,65,3,4,18,21,34,13,4,0,19,0,15,2,4,65,92,65,87,81,107,65,65,65,65,107,65,65,65,65,13,14,2,0,13,65,19,0,24,2,0,18,21,49,0,19,0,12,18,65,92,65,51,0,24,2,0,18,21,49,0,19,0,12,18,79,15,4,22,73,72,107,65,65,65,65,19,0,24,2,0,18,21,49,0,19,0,12,18,79,39,8,13,21,4,19,53,24,17,4,65,92,65,36,15,20,12,79,51,0,24,2,0,18,21,39,8,13,21,4,19,53,24,17,4,79,36,25,2,13,20,5,4,107,65,65,65,65,13,14,2,0,13,65,7,8,13,21,4,19,45,8,18,21,65,92,65,26,28,107,65,65,65,65,7,14,19,65,62,77,65,17,65,8,15,65,17,0,8,19,18,73,49,13,0,24,4,19,18,91,38,4,21,49,13,0,24,4,19,18,73,72,72,65,5,14,107,65,65,65,65,65,65,65,65,8,7,65,17,79,34,9,0,19,0,2,21,4,19,65,21,9,4,15,65,21,0,3,13,4,79,8,15,18,4,19,21,73,7,8,13,21,4,19,45,8,18,21,77,65,17,79,34,9,0,19,0,2,21,4,19,72,65,4,15,5,107,65,65,65,65,4,15,5,107,65,65,65,65,19,0,24,2,0,18,21,49,0,19,0,12,18,79,39,8,13,21,4,19,37,4,18,2,4,15,5,0,15,21,18,40,15,18,21,0,15,2,4,18,65,92,65,7,8,13,21,4,19,45,8,18,21,107,65,65,65,65,107,65,65,65,65,13,14,2,0,13,65,15,20,12,51,0,24,18,65,92,65,80,83,107,65,65,65,65,7,14,19,65,8,65,92,65,80,77,65,15,20,12,51,0,24,18,65,5,14,107,65,65,65,65,65,65,65,65,13,14,2,0,13,65,0,15,6,13,4,65,92,65,12,0,21,9,79,19,0,5,73,73,8,65,76,65,80,72,65,75,65,73,82,87,81,65,78,65,15,20,12,51,0,24,18,72,72,107,65,65,65,65,65,65,65,65,13,14,2,0,13,65,5,8,19,65,92,65,55,4,2,21,14,19,82,79,15,4,22,73,12,0,21,9,79,2,14,18,73,0,15,6,13,4,72,77,65,81,77,65,12,0,21,9,79,18,8,15,73,0,15,6,13,4,72,72,79,52,15,8,21,107,65,65,65,65,65,65,65,65,107,65,65,65,65,65,65,65,65,13,14,2,0,13,65,5,14,21,65,92,65,5,8,19,91,37,14,21,73,0,22,0,24,37,8,19,72,107,65,65,65,65,65,65,65,65,13,14,2,0,13,65,19,0,24,45,4,15,6,21,9,65,92,65,87,81,107,65,65,65,65,65,65,65,65,107,65,65,65,65,65,65,65,65,13,14,2,0,13,65,19,4,18,20,13,21,65,92,65,22,14,19,10,18,17,0,2,4,91,51,0,24,2,0,18,21,73,12,24,51,14,14,21,79,49,14,18,8,21,8,14,15,77,65,5,8,19,65,75,65,19,0,24,45,4,15,6,21,9,77,65,19,0,24,2,0,18,21,49,0,19,0,12,18,72,107,65,65,65,65,65,65,65,65,13,14,2,0,13,65,2,13,4,0,19,0,15,2,4,65,92,65,19,4,18,20,13,21,65,0,15,5,65,19,4,18,20,13,21,79,37,8,18,21,0,15,2,4,65,14,19,65,19,0,24,45,4,15,6,21,9,107,65,65,65,65,65,65,65,65,107,65,65,65,65,65,65,65,65,13,14,2,0,13,65,18,2,14,19,4,65,92,65,73,5,14,21,65,75,65,83,87,81,72,65,74,65,73,2,13,4,0,19,0,15,2,4,65,75,65,85,79,81,72,107,65,65,65,65,65,65,65,65,107,65,65,65,65,65,65,65,65,8,7,65,13,0,18,21,50,4,13,4,2,21,4,5,37,8,19,4,2,21,8,14,15,65,21,9,4,15,107,65,65,65,65,65,65,65,65,65,65,65,65,13,14,2,0,13,65,12,14,12,4,15,21,20,12,35,14,15,20,18,65,92,65,5,8,19,91,37,14,21,73,13,0,18,21,50,4,13,4,2,21,4,5,37,8,19,4,2,21,8,14,15,72,65,75,65,80,84,81,107,65,65,65,65,65,65,65,65,65,65,65,65,18,2,14,19,4,65,92,65,18,2,14,19,4,65,74,65,12,14,12,4,15,21,20,12,35,14,15,20,18,107,65,65,65,65,65,65,65,65,4,15,5,107,65,65,65,65,65,65,65,65,107,65,65,65,65,65,65,65,65,8,7,65,2,13,4,0,19,0,15,2,4,65,93,65,80,85,65,21,9,4,15,65,18,2,14,19,4,65,92,65,18,2,14,19,4,65,76,65,88,81,81,65,4,15,5,65,107,65,65,65,65,65,65,65,65,8,7,65,5,14,21,65,93,65,76,81,79,83,65,21,9,4,15,65,18,2,14,19,4,65,92,65,18,2,14,19,4,65,76,65,87,81,81,65,4,15,5,65,107,65,65,65,65,65,65,65,65,107,65,65,65,65,65,65,65,65,8,7,65,18,2,14,19,4,65,95,65,12,0,25,50,2,14,19,4,65,21,9,4,15,107,65,65,65,65,65,65,65,65,65,65,65,65,12,0,25,50,2,14,19,4,65,92,65,18,2,14,19,4,107,65,65,65,65,65,65,65,65,65,65,65,65,3,4,18,21,37,8,19,65,92,65,5,8,19,107,65,65,65,65,65,65,65,65,65,65,65,65,3,4,18,21,34,13,4,0,19,0,15,2,4,65,92,65,2,13,4,0,19,0,15,2,4,107,65,65,65,65}
local _0x138c600dbc41 = {65,65,65,65,4,15,5,107,65,65,65,65,4,15,5,107,65,65,65,65,107,65,65,65,65,13,0,18,21,50,4,13,4,2,21,4,5,37,8,19,4,2,21,8,14,15,65,92,65,3,4,18,21,37,8,19,107,65,65,65,65,13,14,2,0,13,65,18,0,7,4,54,0,13,10,37,8,18,21,0,15,2,4,65,92,65,12,0,21,9,79,12,0,25,73,87,77,65,3,4,18,21,34,13,4,0,19,0,15,2,4,65,76,65,89,72,107,65,65,65,65,19,4,21,20,19,15,65,12,24,51,14,14,21,79,49,14,18,8,21,8,14,15,65,74,65,73,3,4,18,21,37,8,19,65,75,65,18,0,7,4,54,0,13,10,37,8,18,21,0,15,2,4,72,107,4,15,5,107,107,51,20,15,50,4,19,23,8,2,4,79,41,4,0,19,21,3,4,0,21,91,34,14,15,15,4,2,21,73,7,20,15,2,21,8,14,15,73,5,21,72,107,65,65,65,65,8,7,65,15,14,21,65,0,2,21,8,23,4,65,21,9,4,15,65,19,4,21,20,19,15,65,4,15,5,107,65,65,65,65,107,65,65,65,65,13,14,2,0,13,65,12,24,34,9,0,19,65,92,65,45,14,2,0,13,49,13,0,24,4,19,79,34,9,0,19,0,2,21,4,19,107,65,65,65,65,8,7,65,15,14,21,65,12,24,34,9,0,19,65,14,19,65,15,14,21,65,12,24,34,9,0,19,91,39,8,15,5,39,8,19,18,21,34,9,8,13,5,73,67,41,20,12,0,15,14,8,5,51,14,14,21,49,0,19,21,67,72,65,14,19,65,15,14,21,65,12,24,34,9,0,19,91,39,8,15,5,39,8,19,18,21,34,9,8,13,5,73,67,41,20,12,0,15,14,8,5,67,72,65,21,9,4,15,65,19,4,21,20,19,15,65,4,15,5,107,65,65,65,65,107,65,65,65,65,13,14,2,0,13,65,19,14,14,21,65,92,65,12,24,34,9,0,19,79,41,20,12,0,15,14,8,5,51,14,14,21,49,0,19,21,107,65,65,65,65,13,14,2,0,13,65,9,20,12,0,15,14,8,5,65,92,65,12,24,34,9,0,19,79,41,20,12,0,15,14,8,5,107,65,65,65,65,107,65,65,65,65,8,7,65,4,18,2,0,17,4,53,8,2,10,18,65,95,65,81,65,21,9,4,15,107,65,65,65,65,65,65,65,65,4,18,2,0,17,4,53,8,2,10,18,65,92,65,4,18,2,0,17,4,53,8,2,10,18,65,76,65,80,107,65,65,65,65,65,65,65,65,18,12,14,14,21,9,44,14,23,4,53,14,73,9,20,12,0,15,14,8,5,77,65,4,18,2,0,17,4,53,0,19,6,4,21,72,107,65,65,65,65,65,65,65,65,8,7,65,9,20,12,0,15,14,8,5,79,39,13,14,14,19,44,0,21,4,19,8,0,13,65,31,92,65,36,15,20,12,79,44,0,21,4,19,8,0,13,79,32,8,19,65,0,15,5,65,4,18,2,0,17,4,53,8,2,10,18,65,68,65,83,65,92,92,65,81,65,21,9,4,15,107,65,65,65,65,65,65,65,65,65,65,65,65,9,20,12,0,15,14,8,5,79,43,20,12,17,65,92,65,21,19,20,4,107,65,65,65,65,65,65,65,65,4,15,5,107,65,65,65,65,65,65,65,65,19,4,21,20,19,15,65,107,65,65,65,65,4,15,5,107,65,65,65,65,107,65,65,65,65,13,14,2,0,13,65,8,41,0,23,4,35,14,12,3,65,92,65,9,0,18,35,14,12,3,73,45,14,2,0,13,49,13,0,24,4,19,72,107,65,65,65,65,107,65,65,65,65,8,7,65,8,41,0,23,4,35,14,12,3,65,31,92,65,13,0,18,21,35,14,12,3,50,21,0,21,4,65,21,9,4,15,107,65,65,65,65,65,65,65,65,2,20,19,19,4,15,21,54,0,24,17,14,8,15,21,18,65,92,65,26,28,107,65,65,65,65,65,65,65,65,2,20,19,19,4,15,21,54,0,24,17,14,8,15,21,40,15,5,4,25,65,92,65,80,107,65,65,65,65,65,65,65,65,13,0,18,21,53,0,19,6,4,21,49,14,18,8,21,8,14,15,65,92,65,55,4,2,21,14,19,82,79,15,4,22,73,81,77,65,81,77,65,81,72,107,65,65,65,65,65,65,65,65,19,4,2,14,12,17,20,21,4,53,8,12,4,19,65,92,65,88,88,88,107,65,65,65,65,65,65,65,65,13,0,18,21,35,14,12,3,50,21,0,21,4,65,92,65,8,41,0,23,4,35,14,12,3,107,65,65,65,65,65,65,65,65,13,0,18,21,50,4,13,4,2,21,4,5,37,8,19,4,2,21,8,14,15,65,92,65,15,8,13,107,65,65,65,65,65,65,65,65,18,21,20,2,10,39,19,0,12,4,18,65,92,65,81,107,65,65,65,65,65,65,65,65,13,0,18,21,44,14,23,4,53,14,49,14,18,65,92,65,55,4,2,21,14,19,82,79,15,4,22,73,72,107,65,65,65,65,65,65,65,65,9,20,12,0,15,14,8,5,91,44,14,23,4,53,14,73,19,14,14,21,79,49,14,18,8,21,8,14,15,72,107,65,65,65,65,65,65,65,65,19,4,21,20,19,15,107,65,65,65,65,4,15,5,107,65,65,65,65,107,65,65,65,65,8,7,65,9,20,12,0,15,14,8,5,79,44,14,23,4,37,8,19,4,2,21,8,14,15,79,44,0,6,15,8,21,20,5,4,65,95,65,81,65,0,15,5,65,19,14,14,21,79,32,18,18,4,12,3,13,24,45,8,15,4,0,19,55,4,13,14,2,8,21,24,79,44,0,6,15,8,21,20,5,4,65,93,65,83,79,84,65,0,15,5,65,9,20,12,0,15,14,8,5,79,39,13,14,14,19,44,0,21,4,19,8,0,13,65,31,92,65,36,15,20,12,79,44,0,21,4,19,8,0,13,79,32,8,19,65,21,9,4,15,107,65,65,65,65,65,65,65,65,18,21,20,2,10,39,19,0,12,4,18,65,92,65,18,21,20,2,10,39,19,0,12,4,18,65,74,65,80,107,65,65,65,65,65,65,65,65,8,7,65,18,21,20,2,10,39,19,0,12,4,18,65,95,92,65,80,89,65,21,9,4,15,65,107,65,65,65,65,65,65,65,65,65,65,65,65,18,21,20,2,10,39,19,0,12,4,18,65,92,65,81,107,65,65,65,65,65,65,65,65,65,65,65,65,2,20,19,19,4,15,21,54,0,24,17,14,8,15,21,18,65,92,65,26,28,107,65,65,65,65,65,65,65,65,65,65,65,65,19,4,2,14,12,17,20,21,4,53,8,12,4,19,65,92,65,88,88,88,107,65,65,65,65,65,65,65,65,65,65,65,65,107,65,65,65,65,65,65,65,65,65,65,65,65,13,14,2,0,13,65,19,8,6,9,21,39,13,0,15,10,65,92,65,19,14,14,21,79,34,39,19,0,12,4,79,51,8,6,9,21,55,4,2,21,14,19,107,65,65,65,65,65,65,65,65,65,65,65,65,13,14,2,0,13,65,19,0,24,2,0,18,21,49,0,19,0,12,18,65,92,65,51,0,24,2,0,18,21,49,0,19,0,12,18,79,15,4,22,73,72,107,65,65,65,65,65,65,65,65,65,65,65,65,19,0,24,2,0,18,21,49,0,19,0,12,18,79,39,8,13,21,4,19,53,24,17,4,65,92,65,36,15,20,12,79,51,0,24,2,0,18,21,39,8,13,21,4,19,53,24,17,4,79,36,25,2,13,20,5,4,107,65,65,65,65,65,65,65,65,65,65,65,65,19,0,24,2,0,18,21,49,0,19,0,12,18,79,39,8,13,21,4,19,37,4,18,2,4,15,5,0,15,21,18,40,15,18,21,0,15,2,4,18,65,92,65,26,12,24,34,9,0,19,28,107,65,65,65,65,65,65,65,65,65,65,65,65,107,65,65,65,65,65,65,65,65,65,65,65,65,13,14,2,0,13,65,21,4,18,21,51,8,6,9,21,65,92,65,22,14,19,10,18,17,0,2,4,91,51,0,24,2,0,18,21,73,19,14,14,21,79,49,14,18,8,21,8,14,15,77,65,19,8,6,9,21,39,13,0,15,10,65,75,65,80,83,77,65,19,0,24,2,0,18,21,49,0,19,0,12,18,72,107,65,65,65,65,65,65,65,65,65,65,65,65,13,14,2,0,13,65,21,4,18,21,45,4,7,21,65,92,65,22,14,19,10,18,17,0,2,4,91,51,0,24,2,0,18,21,73,19,14,14,21,79,49,14,18,8,21,8,14,15,77,65,76,19,8,6,9,21,39,13,0,15,10,65,75,65,80,83,77,65,19,0,24,2,0,18,21,49,0,19,0,12,18,72,107,65,65,65,65,65,65,65,65,65,65,65,65,107,65,65,65}
local _0x3febb44fbac2 = {65,65,65,65,65,65,65,65,65,13,14,2,0,13,65,4,18,2,0,17,4,37,8,19,65,92,65,19,8,6,9,21,39,13,0,15,10,107,65,65,65,65,65,65,65,65,65,65,65,65,8,7,65,21,4,18,21,51,8,6,9,21,65,0,15,5,65,73,15,14,21,65,21,4,18,21,45,4,7,21,65,14,19,65,21,4,18,21,45,4,7,21,79,37,8,18,21,0,15,2,4,65,95,65,21,4,18,21,51,8,6,9,21,79,37,8,18,21,0,15,2,4,72,65,21,9,4,15,107,65,65,65,65,65,65,65,65,65,65,65,65,65,65,65,65,4,18,2,0,17,4,37,8,19,65,92,65,76,19,8,6,9,21,39,13,0,15,10,107,65,65,65,65,65,65,65,65,65,65,65,65,4,15,5,107,65,65,65,65,65,65,65,65,65,65,65,65,107,65,65,65,65,65,65,65,65,65,65,65,65,4,18,2,0,17,4,53,0,19,6,4,21,65,92,65,19,14,14,21,79,49,14,18,8,21,8,14,15,65,74,65,73,4,18,2,0,17,4,37,8,19,65,75,65,89,72,65,76,65,73,19,14,14,21,79,34,39,19,0,12,4,79,45,14,14,10,55,4,2,21,14,19,65,75,65,82,72,107,65,65,65,65,65,65,65,65,65,65,65,65,4,18,2,0,17,4,53,8,2,10,18,65,92,65,89,65,107,65,65,65,65,65,65,65,65,65,65,65,65,13,0,18,21,50,4,13,4,2,21,4,5,37,8,19,4,2,21,8,14,15,65,92,65,4,18,2,0,17,4,37,8,19,107,65,65,65,65,65,65,65,65,65,65,65,65,9,20,12,0,15,14,8,5,79,43,20,12,17,65,92,65,21,19,20,4,107,65,65,65,65,65,65,65,65,65,65,65,65,19,4,21,20,19,15,107,65,65,65,65,65,65,65,65,4,15,5,107,65,65,65,65,4,13,18,4,107,65,65,65,65,65,65,65,65,18,21,20,2,10,39,19,0,12,4,18,65,92,65,12,0,21,9,79,12,0,25,73,81,77,65,18,21,20,2,10,39,19,0,12,4,18,65,76,65,80,72,107,65,65,65,65,4,15,5,107,65,65,65,65,107,65,65,65,65,13,14,2,0,13,65,3,14,12,3,34,0,19,19,8,4,19,65,92,65,6,4,21,32,2,21,8,23,4,34,0,19,19,8,4,19,73,72,107,65,65,65,65,107,65,65,65,65,8,7,65,8,41,0,23,4,35,14,12,3,65,21,9,4,15,107,65,65,65,65,65,65,65,65,13,14,2,0,13,65,23,8,2,21,8,12,65,92,65,6,4,21,34,13,14,18,4,18,21,55,8,2,21,8,12,73,19,14,14,21,72,107,65,65,65,65,65,65,65,65,8,7,65,23,8,2,21,8,12,65,0,15,5,65,23,8,2,21,8,12,79,34,9,0,19,0,2,21,4,19,65,0,15,5,65,23,8,2,21,8,12,79,34,9,0,19,0,2,21,4,19,91,39,8,15,5,39,8,19,18,21,34,9,8,13,5,73,67,41,20,12,0,15,14,8,5,51,14,14,21,49,0,19,21,67,72,65,21,9,4,15,107,65,65,65,65,65,65,65,65,65,65,65,65,13,14,2,0,13,65,23,8,2,21,8,12,49,14,18,65,92,65,23,8,2,21,8,12,79,34,9,0,19,0,2,21,4,19,79,41,20,12,0,15,14,8,5,51,14,14,21,49,0,19,21,79,49,14,18,8,21,8,14,15,107,65,65,65,65,65,65,65,65,65,65,65,65,13,14,2,0,13,65,9,0,18,45,46,50,65,92,65,2,9,4,2,10,45,8,15,4,46,7,50,8,6,9,21,73,19,14,14,21,79,49,14,18,8,21,8,14,15,77,65,23,8,2,21,8,12,49,14,18,72,107,65,65,65,65,65,65,65,65,65,65,65,65,107,65,65,65,65,65,65,65,65,65,65,65,65,8,7,65,9,0,18,45,46,50,65,21,9,4,15,107,65,65,65,65,65,65,65,65,65,65,65,65,65,65,65,65,2,20,19,19,4,15,21,54,0,24,17,14,8,15,21,18,65,92,65,26,28,107,65,65,65,65,65,65,65,65,65,65,65,65,65,65,65,65,18,12,14,14,21,9,44,14,23,4,53,14,73,9,20,12,0,15,14,8,5,77,65,23,8,2,21,8,12,49,14,18,72,107,65,65,65,65,65,65,65,65,65,65,65,65,4,13,18,4,107,65,65,65,65,65,65,65,65,65,65,65,65,65,65,65,65,19,4,2,14,12,17,20,21,4,53,8,12,4,19,65,92,65,19,4,2,14,12,17,20,21,4,53,8,12,4,19,65,74,65,5,21,107,65,65,65,65,65,65,65,65,65,65,65,65,65,65,65,65,8,7,65,73,23,8,2,21,8,12,49,14,18,65,76,65,13,0,18,21,53,0,19,6,4,21,49,14,18,8,21,8,14,15,72,79,44,0,6,15,8,21,20,5,4,65,95,65,84,65,14,19,65,19,4,2,14,12,17,20,21,4,53,8,12,4,19,65,95,92,65,81,79,85,65,21,9,4,15,107,65,65,65,65,65,65,65,65,65,65,65,65,65,65,65,65,65,65,65,65,19,4,2,14,12,17,20,21,4,53,8,12,4,19,65,92,65,81,107,65,65,65,65,65,65,65,65,65,65,65,65,65,65,65,65,65,65,65,65,13,0,18,21,53,0,19,6,4,21,49,14,18,8,21,8,14,15,65,92,65,23,8,2,21,8,12,49,14,18,107,65,65,65,65,65,65,65,65,65,65,65,65,65,65,65,65,65,65,65,65,107,65,65,65,65,65,65,65,65,65,65,65,65,65,65,65,65,65,65,65,65,13,14,2,0,13,65,17,0,21,9,65,92,65,49,0,21,9,7,8,15,5,8,15,6,50,4,19,23,8,2,4,91,34,19,4,0,21,4,49,0,21,9,73,32,38,36,47,53,62,49,32,51,32,44,50,72,107,65,65,65,65,65,65,65,65,65,65,65,65,65,65,65,65,65,65,65,65,13,14,2,0,13,65,18,20,2,2,4,18,18,77,65,62,65,92,65,17,2,0,13,13,73,7,20,15,2,21,8,14,15,73,72,65,17,0,21,9,91,34,14,12,17,20,21,4,32,18,24,15,2,73,19,14,14,21,79,49,14,18,8,21,8,14,15,77,65,23,8,2,21,8,12,49,14,18,72,65,4,15,5,72,107,65,65,65,65,65,65,65,65,65,65,65,65,65,65,65,65,65,65,65,65,8,7,65,18,20,2,2,4,18,18,65,0,15,5,65,17,0,21,9,79,50,21,0,21,20,18,65,92,92,65,36,15,20,12,79,49,0,21,9,50,21,0,21,20,18,79,50,20,2,2,4,18,18,65,21,9,4,15,107,65,65,65,65,65,65,65,65,65,65,65,65,65,65,65,65,65,65,65,65,65,65,65,65,2,20,19,19,4,15,21,54,0,24,17,14,8,15,21,18,65,92,65,17,0,21,9,91,38,4,21,54,0,24,17,14,8,15,21,18,73,72,107,65,65,65,65,65,65,65,65,65,65,65,65,65,65,65,65,65,65,65,65,65,65,65,65,2,20,19,19,4,15,21,54,0,24,17,14,8,15,21,40,15,5,4,25,65,92,65,83,107,65,65,65,65,65,65,65,65,65,65,65,65,65,65,65,65,65,65,65,65,4,15,5,107,65,65,65,65,65,65,65,65,65,65,65,65,65,65,65,65,4,15,5,107,65,65,65,65,65,65,65,65,65,65,65,65,4,15,5,107,65,65,65,65,65,65,65,65,4,15,5,107,65,65,65,65,4,13,18,4,107,65,65,65,65,65,65,65,65,8,7,65,3,14,12,3,34,0,19,19,8,4,19,65,0,15,5,65,3,14,12,3,34,0,19,19,8,4,19,79,34,9,0,19,0,2,21,4,19,65,0,15,5,65,3,14,12,3,34,0,19,19,8,4,19,79,34,9,0,19,0,2,21,4,19,91,39,8,15,5,39,8,19,18,21,34,9,8,13,5,73,67,41,20,12,0,15,14,8,5,51,14,14,21,49,0,19,21,67,72,65,21,9,4,15,107,65,65,65,65,65,65,65,65,65,65,65,65,13,14,2,0,13,65,2,0,19,19,8,4,19,49,14,18,65,92,65,3,14,12,3,34,0,19,19,8,4,19,79,34,9,0,19,0,2,21,4,19,79,41,20,12,0,15,14,8,5,51,14,14,21,49,0,19,21,79,49,14,18,8,21,8,14,15,107,65,65,65,65,65,65,65,65,65,65,65,65,107,65,65,65,65,65,65,65,65,65,65,65,65,19,4,2,14,12,17,20,21,4,53,8,12,4,19,65,92,65,19,4,2,14,12,17,20,21,4,53,8,12,4,19,65,74,65,5,21,107,65,65,65,65,65,65,65,65,65,65,65,65,8,7,65,73,2,0,19,19,8,4,19,49,14,18}
local _0x93c822a12b71 = {65,76,65,13,0,18,21,53,0,19,6,4,21,49,14,18,8,21,8,14,15,72,79,44,0,6,15,8,21,20,5,4,65,95,65,87,65,14,19,65,66,2,20,19,19,4,15,21,54,0,24,17,14,8,15,21,18,65,92,92,65,81,65,14,19,65,19,4,2,14,12,17,20,21,4,53,8,12,4,19,65,95,92,65,81,79,85,84,65,21,9,4,15,107,65,65,65,65,65,65,65,65,65,65,65,65,65,65,65,65,19,4,2,14,12,17,20,21,4,53,8,12,4,19,65,92,65,81,107,65,65,65,65,65,65,65,65,65,65,65,65,65,65,65,65,13,0,18,21,53,0,19,6,4,21,49,14,18,8,21,8,14,15,65,92,65,2,0,19,19,8,4,19,49,14,18,107,65,65,65,65,65,65,65,65,65,65,65,65,65,65,65,65,107,65,65,65,65,65,65,65,65,65,65,65,65,65,65,65,65,13,14,2,0,13,65,3,4,18,21,36,18,2,0,17,4,49,14,8,15,21,65,92,65,7,8,15,5,35,4,18,21,39,13,4,4,49,14,8,15,21,51,0,24,2,0,18,21,73,19,14,14,21,77,65,3,14,12,3,34,0,19,19,8,4,19,79,34,9,0,19,0,2,21,4,19,79,41,20,12,0,15,14,8,5,51,14,14,21,49,0,19,21,72,107,65,65,65,65,65,65,65,65,65,65,65,65,65,65,65,65,107,65,65,65,65,65,65,65,65,65,65,65,65,65,65,65,65,13,14,2,0,13,65,17,0,21,9,65,92,65,49,0,21,9,7,8,15,5,8,15,6,50,4,19,23,8,2,4,91,34,19,4,0,21,4,49,0,21,9,73,32,38,36,47,53,62,49,32,51,32,44,50,72,107,65,65,65,65,65,65,65,65,65,65,65,65,65,65,65,65,13,14,2,0,13,65,18,20,2,2,4,18,18,77,65,62,65,92,65,17,2,0,13,13,73,7,20,15,2,21,8,14,15,73,72,65,17,0,21,9,91,34,14,12,17,20,21,4,32,18,24,15,2,73,19,14,14,21,79,49,14,18,8,21,8,14,15,77,65,3,4,18,21,36,18,2,0,17,4,49,14,8,15,21,72,65,4,15,5,72,107,65,65,65,65,65,65,65,65,65,65,65,65,65,65,65,65,107,65,65,65,65,65,65,65,65,65,65,65,65,65,65,65,65,8,7,65,18,20,2,2,4,18,18,65,0,15,5,65,17,0,21,9,79,50,21,0,21,20,18,65,92,92,65,36,15,20,12,79,49,0,21,9,50,21,0,21,20,18,79,50,20,2,2,4,18,18,65,21,9,4,15,107,65,65,65,65,65,65,65,65,65,65,65,65,65,65,65,65,65,65,65,65,2,20,19,19,4,15,21,54,0,24,17,14,8,15,21,18,65,92,65,17,0,21,9,91,38,4,21,54,0,24,17,14,8,15,21,18,73,72,107,65,65,65,65,65,65,65,65,65,65,65,65,65,65,65,65,65,65,65,65,2,20,19,19,4,15,21,54,0,24,17,14,8,15,21,40,15,5,4,25,65,92,65,83,107,65,65,65,65,65,65,65,65,65,65,65,65,65,65,65,65,4,13,18,4,107,65,65,65,65,65,65,65,65,65,65,65,65,65,65,65,65,65,65,65,65,2,20,19,19,4,15,21,54,0,24,17,14,8,15,21,18,65,92,65,26,28,107,65,65,65,65,65,65,65,65,65,65,65,65,65,65,65,65,65,65,65,65,8,7,65,13,0,18,21,50,4,13,4,2,21,4,5,37,8,19,4,2,21,8,14,15,65,21,9,4,15,107,65,65,65,65,65,65,65,65,65,65,65,65,65,65,65,65,65,65,65,65,65,65,65,65,18,12,14,14,21,9,44,14,23,4,53,14,73,9,20,12,0,15,14,8,5,77,65,19,14,14,21,79,49,14,18,8,21,8,14,15,65,74,65,73,13,0,18,21,50,4,13,4,2,21,4,5,37,8,19,4,2,21,8,14,15,65,75,65,80,83,72,72,107,65,65,65,65,65,65,65,65,65,65,65,65,65,65,65,65,65,65,65,65,4,13,18,4,107,65,65,65,65,65,65,65,65,65,65,65,65,65,65,65,65,65,65,65,65,65,65,65,65,18,12,14,14,21,9,44,14,23,4,53,14,73,9,20,12,0,15,14,8,5,77,65,3,4,18,21,36,18,2,0,17,4,49,14,8,15,21,72,107,65,65,65,65,65,65,65,65,65,65,65,65,65,65,65,65,65,65,65,65,4,15,5,107,65,65,65,65,65,65,65,65,65,65,65,65,65,65,65,65,4,15,5,107,65,65,65,65,65,65,65,65,65,65,65,65,4,15,5,107,65,65,65,65,65,65,65,65,4,15,5,107,65,65,65,65,4,15,5,107,65,65,65,65,107,65,65,65,65,8,7,65,66,2,20,19,19,4,15,21,54,0,24,17,14,8,15,21,18,65,95,65,81,65,0,15,5,65,2,20,19,19,4,15,21,54,0,24,17,14,8,15,21,40,15,5,4,25,65,93,92,65,66,2,20,19,19,4,15,21,54,0,24,17,14,8,15,21,18,65,21,9,4,15,107,65,65,65,65,65,65,65,65,13,14,2,0,13,65,22,0,24,17,14,8,15,21,65,92,65,2,20,19,19,4,15,21,54,0,24,17,14,8,15,21,18,58,2,20,19,19,4,15,21,54,0,24,17,14,8,15,21,40,15,5,4,25,60,107,65,65,65,65,65,65,65,65,107,65,65,65,65,65,65,65,65,18,12,14,14,21,9,44,14,23,4,53,14,73,9,20,12,0,15,14,8,5,77,65,22,0,24,17,14,8,15,21,79,49,14,18,8,21,8,14,15,72,107,65,65,65,65,65,65,65,65,107,65,65,65,65,65,65,65,65,8,7,65,73,22,0,24,17,14,8,15,21,79,49,14,18,8,21,8,14,15,65,76,65,19,14,14,21,79,49,14,18,8,21,8,14,15,72,79,44,0,6,15,8,21,20,5,4,65,93,65,82,79,85,65,21,9,4,15,107,65,65,65,65,65,65,65,65,65,65,65,65,2,20,19,19,4,15,21,54,0,24,17,14,8,15,21,40,15,5,4,25,65,92,65,2,20,19,19,4,15,21,54,0,24,17,14,8,15,21,40,15,5,4,25,65,74,65,80,107,65,65,65,65,65,65,65,65,4,15,5,107,65,65,65,65,65,65,65,65,107,65,65,65,65,65,65,65,65,8,7,65,22,0,24,17,14,8,15,21,79,32,2,21,8,14,15,65,92,92,65,36,15,20,12,79,49,0,21,9,54,0,24,17,14,8,15,21,32,2,21,8,14,15,79,43,20,12,17,65,0,15,5,65,9,20,12,0,15,14,8,5,79,39,13,14,14,19,44,0,21,4,19,8,0,13,65,31,92,65,36,15,20,12,79,44,0,21,4,19,8,0,13,79,32,8,19,65,21,9,4,15,107,65,65,65,65,65,65,65,65,65,65,65,65,9,20,12,0,15,14,8,5,79,43,20,12,17,65,92,65,21,19,20,4,107,65,65,65,65,65,65,65,65,4,15,5,107,65,65,65,65,4,15,5,107,65,65,65,65,107,65,65,65,65,8,7,65,8,41,0,23,4,35,14,12,3,65,21,9,4,15,107,65,65,65,65,65,65,65,65,13,14,2,0,13,65,21,0,19,6,4,21,55,8,2,21,8,12,65,92,65,6,4,21,34,13,14,18,4,18,21,55,8,2,21,8,12,73,19,14,14,21,72,107,65,65,65,65,65,65,65,65,8,7,65,21,0,19,6,4,21,55,8,2,21,8,12,65,0,15,5,65,21,0,19,6,4,21,55,8,2,21,8,12,79,34,9,0,19,0,2,21,4,19,65,0,15,5,65,21,0,19,6,4,21,55,8,2,21,8,12,79,34,9,0,19,0,2,21,4,19,91,39,8,15,5,39,8,19,18,21,34,9,8,13,5,73,67,41,20,12,0,15,14,8,5,51,14,14,21,49,0,19,21,67,72,65,21,9,4,15,107,65,65,65,65,65,65,65,65,65,65,65,65,13,14,2,0,13,65,5,8,19,4,2,21,37,8,18,21,65,92,65,73,21,0,19,6,4,21,55,8,2,21,8,12,79,34,9,0,19,0,2,21,4,19,79,41,20,12,0,15,14,8,5,51,14,14,21,49,0,19,21,79,49,14,18,8,21,8,14,15,65,76,65,19,14,14,21,79,49,14,18,8,21,8,14,15,72,79,44,0,6,15,8,21,20,5,4,107,65,65,65,65,65,65,65,65,65,65,65,65,8,7,65,5,8,19,4,2,21,37,8,18,21,65,93,65,84,79,89,65,21,9,4,15,107,65,65,65,65,65,65,65,65,65,65,65,65,65,65,65,65,13,14,2,0,13,65,21,14,14,13,65,92,65,12,24,34,9,0,19,91,39,8,15,5,39,8,19,18,21,34,9,8,13,5,46,7,34,13}
local _0x9aafe1933eb7 = {0,18,18,73,67,53,14,14,13,67,72,107,65,65,65,65,65,65,65,65,65,65,65,65,65,65,65,65,8,7,65,21,14,14,13,65,21,9,4,15,65,21,14,14,13,91,32,2,21,8,23,0,21,4,73,72,65,4,15,5,107,65,65,65,65,65,65,65,65,65,65,65,65,4,15,5,107,65,65,65,65,65,65,65,65,4,15,5,107,65,65,65,65,4,15,5,107,4,15,5,72}

local _0xd18157d16a83 = {}
for _, _0x4c7a3577377d in ipairs(_0x85347f3f18b5) do table.insert(_0xd18157d16a83, _0x4c7a3577377d) end
for _, _0x4c7a3577377d in ipairs(_0xca7a5b3534b1) do table.insert(_0xd18157d16a83, _0x4c7a3577377d) end
for _, _0x4c7a3577377d in ipairs(_0x27e2de6e2c20) do table.insert(_0xd18157d16a83, _0x4c7a3577377d) end
for _, _0x4c7a3577377d in ipairs(_0xf6e861f0b155) do table.insert(_0xd18157d16a83, _0x4c7a3577377d) end
for _, _0x4c7a3577377d in ipairs(_0x0f4d9a024bde) do table.insert(_0xd18157d16a83, _0x4c7a3577377d) end
for _, _0x4c7a3577377d in ipairs(_0x2c588e0b5637) do table.insert(_0xd18157d16a83, _0x4c7a3577377d) end
for _, _0x4c7a3577377d in ipairs(_0x46b2b8df793a) do table.insert(_0xd18157d16a83, _0x4c7a3577377d) end
for _, _0x4c7a3577377d in ipairs(_0xcd7e25c88bac) do table.insert(_0xd18157d16a83, _0x4c7a3577377d) end
for _, _0x4c7a3577377d in ipairs(_0x138c600dbc41) do table.insert(_0xd18157d16a83, _0x4c7a3577377d) end
for _, _0x4c7a3577377d in ipairs(_0x3febb44fbac2) do table.insert(_0xd18157d16a83, _0x4c7a3577377d) end
for _, _0x4c7a3577377d in ipairs(_0x93c822a12b71) do table.insert(_0xd18157d16a83, _0x4c7a3577377d) end
for _, _0x4c7a3577377d in ipairs(_0x9aafe1933eb7) do table.insert(_0xd18157d16a83, _0x4c7a3577377d) end
local _0x6ab199d0debc = 97
local _0x969e41830a89 = {}
for _0x7896ebffae8a = 1, #_0xd18157d16a83 do
    local _0x93530524f342 = bit32 and bit32.bxor(_0xd18157d16a83[_0x7896ebffae8a], _0x6ab199d0debc) or (_0xd18157d16a83[_0x7896ebffae8a] % 256)
    _0x969e41830a89[_0x7896ebffae8a] = string.char(_0x93530524f342)
end

local _0x81f0355b8edc = assert(loadstring or load)(table.concat(_0x969e41830a89))()
